-0.498922 -0.989822 -0.179557
-0.498922 -1.00572 -0.125998
-0.498922 -1.03751 -0.0188787
-0.498922 -1.0693 0.088239
-0.498922 -1.0852 0.141799
-0.592797 -0.858732 -0.11916
-0.592797 -0.877619 -0.0555238
-0.592797 -0.915393 0.07175
-0.592797 -0.953166 0.199023
-0.592797 -0.972054 0.26266
-0.291431 -0.571429 -0.291431
-0.291431 -0.571429 -0.194288
-0.291431 -0.571429 0
-0.291431 -0.571429 0.194288
-0.291431 -0.571429 0.291431
-0.279274 -0.285714 -0.279274
-0.279274 -0.285714 -0.186183
-0.279274 -0.285714 0
-0.279274 -0.285714 0.186183
-0.279274 -0.285714 0.279274
-0.323297 0 -0.192629
-0.323297 0 -0.128419
-0.752087 0.491014 0.599065
-0.323297 0 0.128419
-0.323297 0 0.192629
-0.128094 0.285714 -0.235406
-0.128094 0.285714 -0.156937
-0.128094 0.285714 0
-0.128094 0.285714 0.156937
-0.128094 0.285714 0.235406
-0.448113 0.571429 -0.448113
-0.448113 0.571429 -0.298742
-0.448113 0.571429 0
-0.448113 0.571429 0.298742
-0.448113 0.571429 0.448113
-0.448113 0.857143 -0.448113
-0.448113 0.857143 -0.298742
-0.448113 0.857143 0
-0.448113 0.857143 0.298742
-0.448113 0.857143 0.448113
-0.448113 1 -0.448113
-0.448113 1 -0.298742
-0.448113 1 0
-0.448113 1 0.298742
-0.448113 1 0.448113
-0.332092 -0.989822 -0.179557
-0.332092 -1.00572 -0.125998
-0.332092 -1.03751 -0.0188787
-0.332092 -1.0693 0.088239
-0.332092 -1.0852 0.141799
-0.394576 -0.858732 -0.11916
-0.394576 -0.877619 -0.0555238
-0.394576 -0.915393 0.07175
-0.394576 -0.953166 0.199023
-0.394576 -0.972054 0.26266
-0.194288 -0.571429 -0.291431
-0.194288 -0.571429 -0.194288
-0.194288 -0.571429 0
-0.194288 -0.571429 0.194288
-0.194288 -0.571429 0.291431
-0.186183 -0.285714 -0.279274
-0.186183 -0.285714 -0.186183
-0.186183 -0.285714 0
-0.186183 -0.285714 0.186183
-0.186183 -0.285714 0.279274
-0.215531 0 -0.192629
-0.215531 0 -0.128419
-1.32271 0.288249 0.351679
-0.215531 0 0.128419
-0.215531 0 0.192629
-0.0853959 0.285714 -0.235406
-0.0853959 0.285714 -0.156937
-0.0853959 0.285714 0
-0.0853959 0.285714 0.156937
-0.0853959 0.285714 0.235406
-0.298742 0.571429 -0.448113
-0.298742 0.571429 -0.298742
-0.298742 0.571429 0
-0.298742 0.571429 0.298742
-0.298742 0.571429 0.448113
-0.298742 0.857143 -0.448113
-0.298742 0.857143 -0.298742
-0.298742 0.857143 0
-0.298742 0.857143 0.298742
-0.298742 0.857143 0.448113
-0.298742 1 -0.448113
-0.298742 1 -0.298742
-0.298742 1 0
-0.298742 1 0.298742
-0.298742 1 0.448113
0.00161388 -1 -0.211282
0.00161388 -1 -0.170633
0.00161388 -1 -0.0893352
0.00156884 -1 -0.0212273
0.00156884 -1 0.0861284
0.00181201 -0.857143 -0.23722
0.00181201 -0.857143 -0.191581
0.00181201 -0.857143 -0.100302
0.00186402 -0.857143 -0.0252213
0.00186402 -0.857143 0.102334
0 -0.571429 -0.291431
0 -0.571429 -0.194288
0 -0.571429 0
0 -0.571429 0.194288
0 -0.571429 0.291431
0 -0.285714 -0.279274
0 -0.285714 -0.186183
0 -0.285714 0
0 -0.285714 0.186183
0 -0.285714 0.279274
0 0 -0.428687
0 0 -0.395997
0 0 0
0 0 0.613898
0 0 0.920847
0 0.285714 -0.235406
0 0.285714 -0.156937
0 0.285714 0
0 0.285714 0.156937
0 0.285714 0.235406
0 0.571429 -0.448113
0 0.571429 -0.298742
0 0.571429 0
0 0.571429 0.298742
0 0.571429 0.448113
0 0.857143 -0.448113
0 0.857143 -0.298742
0 0.857143 0
0 0.857143 0.298742
0 0.857143 0.448113
0 1 -0.448113
0 1 -0.298742
0 1 0
0 1 0.298742
0 1 0.448113
0.33523 -0.898994 0.451441
0.33523 -0.879506 0.5038
0.33523 -0.840529 0.608519
0.33523 -0.801553 0.713237
0.33523 -0.782065 0.765597
0.398305 -0.757924 0.420917
0.398305 -0.734769 0.483128
0.398305 -0.688459 0.60755
0.398305 -0.642149 0.731971
0.398305 -0.618994 0.794182
0.194288 -0.571429 -0.291431
0.194288 -0.571429 -0.194288
0.194288 -0.571429 0
0.194288 -0.571429 0.194288
0.194288 -0.571429 0.291431
0.186183 -0.285714 -0.279274
0.186183 -0.285714 -0.186183
0.186183 -0.285714 0
0.186183 -0.285714 0.186183
0.186183 -0.285714 0.279274
0.215531 0 -0.192629
0.215531 0 -0.128419
1.32271 -0.22995 0.392286
0.215531 0 0.128419
0.215531 0 0.192629
0.0853959 0.285714 -0.235406
0.0853959 0.285714 -0.156937
0.0853959 0.285714 0
0.0853959 0.285714 0.156937
0.0853959 0.285714 0.235406
0.298742 0.571429 -0.448113
0.298742 0.571429 -0.298742
0.298742 0.571429 0
0.298742 0.571429 0.298742
0.298742 0.571429 0.448113
0.298742 0.857143 -0.448113
0.298742 0.857143 -0.298742
0.298742 0.857143 0
0.298742 0.857143 0.298742
0.298742 0.857143 0.448113
0.298742 1 -0.448113
0.298742 1 -0.298742
0.298742 1 0
0.298742 1 0.298742
0.298742 1 0.448113
0.50206 -0.898994 0.451441
0.50206 -0.879506 0.5038
0.50206 -0.840529 0.608519
0.50206 -0.801553 0.713237
0.50206 -0.782065 0.765597
0.596525 -0.757924 0.420917
0.596525 -0.734769 0.483128
0.596525 -0.688459 0.60755
0.596525 -0.642149 0.731971
0.596525 -0.618994 0.794182
0.291431 -0.571429 -0.291431
0.291431 -0.571429 -0.194288
0.291431 -0.571429 0
0.291431 -0.571429 0.194288
0.291431 -0.571429 0.291431
0.279274 -0.285714 -0.279274
0.279274 -0.285714 -0.186183
0.279274 -0.285714 0
0.279274 -0.285714 0.186183
0.279274 -0.285714 0.279274
0.323297 0 -0.192629
0.323297 0 -0.128419
0.752087 -0.391707 0.668237
0.323297 0 0.128419
0.323297 0 0.192629
0.128094 0.285714 -0.235406
0.128094 0.285714 -0.156937
0.128094 0.285714 0
0.128094 0.285714 0.156937
0.128094 0.285714 0.235406
0.448113 0.571429 -0.448113
0.448113 0.571429 -0.298742
0.448113 0.571429 0
0.448113 0.571429 0.298742
0.448113 0.571429 0.448113
0.448113 0.857143 -0.448113
0.448113 0.857143 -0.298742
0.448113 0.857143 0
0.448113 0.857143 0.298742
0.448113 0.857143 0.448113
0.448113 1 -0.448113
0.448113 1 -0.298742
0.448113 1 0
0.448113 1 0.298742
0.448113 1 0.448113
