ts 0 0 3 0 3 4 
ls 3 0 3 4 3 4 0 0 
ps 3 4 3 3 3 2 3 1 3 0 3 4 2.4 3.2 1.8 2.4 1.2 1.6 0.6 0.8 0 0 
poly 3 3 2.4 3.2 0 0 3 0 
poly 3 3 2.4 3.2 1.8 2.4 3 2 
ps 3 3 2.4 3.2 3 2 1.8 2.4 
ts 3 3 2.4 3.2 1.8 2.4 3 2 3 3 1.8 2.4 
poly 3 2 1.8 2.4 1.2 1.6 3 1 
ps 3 2 1.8 2.4 3 1 2.1 1.3 1.2 1.6 
ts 3 1 3 2 2.1 1.3 2.1 1.3 1.8 2.4 1.2 1.6 3 2 1.8 2.4 2.1 1.3 
poly 3 0 3 1 1.2 1.6 0 0 
poly 3 0 3 1 2.1 1.3 2 0 
ps 3 0 3 1 2 0 2.1 1.3 
ts 2 0 3 1 2.1 1.3 2 0 3 0 3 1 
poly 0.6 0.8 1 0 2 0 1.2 1.6 
ps 0.6 0.8 1 0 1.2 1.6 1.6 0.8 2 0 
ts 1.2 1.6 0.6 0.8 1.6 0.8 1.6 0.8 1 0 2 0 0.6 0.8 1 0 1.6 0.8 
ts 3 3 3 4 2.4 3.2 3 3 2.4 3.2 1.8 2.4 3 2 3 3 1.8 2.4 3 1 3 2 2.1 1.3 2.1 1.3 1.8 2.4 1.2 1.6 3 2 1.8 2.4 2.1 1.3 2 0 3 1 2.1 1.3 2 0 3 0 3 1 2 0 1.6 0.8 2.1 1.3 1.6 0.8 1.2 1.6 2.1 1.3 0.6 0.8 0 0 1 0 1.2 1.6 0.6 0.8 1.6 0.8 1.6 0.8 1 0 2 0 0.6 0.8 1 0 1.6 0.8 
cvt
ts 3 3 3 4 2.4 3.2 3 3 2.4 3.2 1.8 2.4 3 2 3 3 1.8 2.4 3 1 3 2 2.16528 1.30139 2.16528 1.30139 1.8 2.4 1.2 1.6 3 2 1.8 2.4 2.16528 1.30139 2 0 3 1 2.16528 1.30139 2 0 3 0 3 1 2 0 1.51333 0.756667 2.16528 1.30139 1.51333 0.756667 1.2 1.6 2.16528 1.30139 0.6 0.8 0 0 1 0 1.2 1.6 0.6 0.8 1.51333 0.756667 1.51333 0.756667 1 0 2 0 0.6 0.8 1 0 1.51333 0.756667 
ts 3 3 3 4 2.4 3.2 3 3 2.4 3.2 1.8 2.4 3 2 3 3 1.8 2.4 3 1 3 2 2.16632 1.29678 2.16632 1.29678 1.8 2.4 1.2 1.6 3 2 1.8 2.4 2.16632 1.29678 2 0 3 1 2.16632 1.29678 2 0 3 0 3 1 2 0 1.48179 0.745544 2.16632 1.29678 1.48179 0.745544 1.2 1.6 2.16632 1.29678 0.6 0.8 0 0 1 0 1.2 1.6 0.6 0.8 1.48179 0.745544 1.48179 0.745544 1 0 2 0 0.6 0.8 1 0 1.48179 0.745544 
ts 3 3 3 4 2.4 3.2 3 3 2.4 3.2 1.8 2.4 3 2 3 3 1.8 2.4 3 1 3 2 2.16051 1.29371 2.16051 1.29371 1.8 2.4 1.2 1.6 3 2 1.8 2.4 2.16051 1.29371 2 0 3 1 2.16051 1.29371 2 0 3 0 3 1 2 0 1.46797 0.741442 2.16051 1.29371 1.46797 0.741442 1.2 1.6 2.16051 1.29371 0.6 0.8 0 0 1 0 1.2 1.6 0.6 0.8 1.46797 0.741442 1.46797 0.741442 1 0 2 0 0.6 0.8 1 0 1.46797 0.741442 
ts 3 3 3 4 2.4 3.2 3 3 2.4 3.2 1.8 2.4 3 2 3 3 1.8 2.4 3 1 3 2 2.15606 1.2921 2.15606 1.2921 1.8 2.4 1.2 1.6 3 2 1.8 2.4 2.15606 1.2921 2 0 3 1 2.15606 1.2921 2 0 3 0 3 1 2 0 1.46105 0.739526 2.15606 1.2921 1.46105 0.739526 1.2 1.6 2.15606 1.2921 0.6 0.8 0 0 1 0 1.2 1.6 0.6 0.8 1.46105 0.739526 1.46105 0.739526 1 0 2 0 0.6 0.8 1 0 1.46105 0.739526 
ts 3 3 3 4 2.4 3.2 3 3 2.4 3.2 1.8 2.4 3 2 3 3 1.8 2.4 3 1 3 2 2.15336 1.29129 2.15336 1.29129 1.8 2.4 1.2 1.6 3 2 1.8 2.4 2.15336 1.29129 2 0 3 1 2.15336 1.29129 2 0 3 0 3 1 2 0 1.45738 0.73854 2.15336 1.29129 1.45738 0.73854 1.2 1.6 2.15336 1.29129 0.6 0.8 0 0 1 0 1.2 1.6 0.6 0.8 1.45738 0.73854 1.45738 0.73854 1 0 2 0 0.6 0.8 1 0 1.45738 0.73854 
ts 3 3 3 4 2.4 3.2 3 3 2.4 3.2 1.8 2.4 3 2 3 3 1.8 2.4 3 1 3 2 2.15182 1.29088 2.15182 1.29088 1.8 2.4 1.2 1.6 3 2 1.8 2.4 2.15182 1.29088 2 0 3 1 2.15182 1.29088 2 0 3 0 3 1 2 0 1.45539 0.738017 2.15182 1.29088 1.45539 0.738017 1.2 1.6 2.15182 1.29088 0.6 0.8 0 0 1 0 1.2 1.6 0.6 0.8 1.45539 0.738017 1.45539 0.738017 1 0 2 0 0.6 0.8 1 0 1.45539 0.738017 
ts 3 3 3 4 2.4 3.2 3 3 2.4 3.2 1.8 2.4 3 2 3 3 1.8 2.4 3 1 3 2 2.15097 1.29067 2.15097 1.29067 1.8 2.4 1.2 1.6 3 2 1.8 2.4 2.15097 1.29067 2 0 3 1 2.15097 1.29067 2 0 3 0 3 1 2 0 1.45431 0.737737 2.15097 1.29067 1.45431 0.737737 1.2 1.6 2.15097 1.29067 0.6 0.8 0 0 1 0 1.2 1.6 0.6 0.8 1.45431 0.737737 1.45431 0.737737 1 0 2 0 0.6 0.8 1 0 1.45431 0.737737 
ts 3 3 3 4 2.4 3.2 3 3 2.4 3.2 1.8 2.4 3 2 3 3 1.8 2.4 3 1 3 2 2.15049 1.29056 2.15049 1.29056 1.8 2.4 1.2 1.6 3 2 1.8 2.4 2.15049 1.29056 2 0 3 1 2.15049 1.29056 2 0 3 0 3 1 2 0 1.45373 0.737587 2.15049 1.29056 1.45373 0.737587 1.2 1.6 2.15049 1.29056 0.6 0.8 0 0 1 0 1.2 1.6 0.6 0.8 1.45373 0.737587 1.45373 0.737587 1 0 2 0 0.6 0.8 1 0 1.45373 0.737587 
ts 3 3 3 4 2.4 3.2 3 3 2.4 3.2 1.8 2.4 3 2 3 3 1.8 2.4 3 1 3 2 2.15024 1.2905 2.15024 1.2905 1.8 2.4 1.2 1.6 3 2 1.8 2.4 2.15024 1.2905 2 0 3 1 2.15024 1.2905 2 0 3 0 3 1 2 0 1.45341 0.737506 2.15024 1.2905 1.45341 0.737506 1.2 1.6 2.15024 1.2905 0.6 0.8 0 0 1 0 1.2 1.6 0.6 0.8 1.45341 0.737506 1.45341 0.737506 1 0 2 0 0.6 0.8 1 0 1.45341 0.737506 
ts 3 3 3 4 2.4 3.2 3 3 2.4 3.2 1.8 2.4 3 2 3 3 1.8 2.4 3 1 3 2 2.1501 1.29047 2.1501 1.29047 1.8 2.4 1.2 1.6 3 2 1.8 2.4 2.1501 1.29047 2 0 3 1 2.1501 1.29047 2 0 3 0 3 1 2 0 1.45323 0.737462 2.1501 1.29047 1.45323 0.737462 1.2 1.6 2.1501 1.29047 0.6 0.8 0 0 1 0 1.2 1.6 0.6 0.8 1.45323 0.737462 1.45323 0.737462 1 0 2 0 0.6 0.8 1 0 1.45323 0.737462 
ts 0 0 4 0 3.375 4.96078 
ls 4 0 3.375 4.96078 3.375 4.96078 0 0 
ps 3.375 4.96078 3.5 3.96863 3.625 2.97647 3.75 1.98431 3.875 0.992157 4 0 3.375 4.96078 2.8125 4.13399 2.25 3.30719 1.6875 2.48039 1.125 1.65359 0.5625 0.826797 0 0 
poly 3.5 3.96863 2.8125 4.13399 0 0 4 0 
poly 3.5 3.96863 2.8125 4.13399 2.25 3.30719 3.625 2.97647 
ps 3.5 3.96863 2.8125 4.13399 3.625 2.97647 2.25 3.30719 
ts 3.625 2.97647 2.8125 4.13399 2.25 3.30719 3.625 2.97647 3.5 3.96863 2.8125 4.13399 
poly 3.625 2.97647 2.25 3.30719 1.6875 2.48039 3.75 1.98431 
ps 3.625 2.97647 2.25 3.30719 3.75 1.98431 2.71875 2.23235 1.6875 2.48039 
ts 3.75 1.98431 3.625 2.97647 2.71875 2.23235 2.71875 2.23235 2.25 3.30719 1.6875 2.48039 3.625 2.97647 2.25 3.30719 2.71875 2.23235 
poly 3.75 1.98431 1.6875 2.48039 1.125 1.65359 3.875 0.992157 
ps 3.75 1.98431 2.71875 2.23235 1.6875 2.48039 3.875 0.992157 2.95833 1.21264 2.04167 1.43312 1.125 1.65359 
ts 3.875 0.992157 3.75 1.98431 2.95833 1.21264 2.95833 1.21264 2.71875 2.23235 2.04167 1.43312 2.04167 1.43312 1.6875 2.48039 1.125 1.65359 3.75 1.98431 2.71875 2.23235 2.95833 1.21264 2.71875 2.23235 1.6875 2.48039 2.04167 1.43312 
poly 4 0 3.875 0.992157 1.125 1.65359 0 0 
poly 4 0 3.875 0.992157 2.95833 1.21264 3 0 
ps 4 0 3.875 0.992157 3 0 2.95833 1.21264 
ts 3 0 3.875 0.992157 2.95833 1.21264 3 0 4 0 3.875 0.992157 
poly 3 0 2.95833 1.21264 2.04167 1.43312 2 0 
ps 3 0 2.95833 1.21264 2 0 2.04167 1.43312 
ts 2 0 2.95833 1.21264 2.04167 1.43312 2 0 3 0 2.95833 1.21264 
poly 0.5625 0.826797 1 0 2 0 1.125 1.65359 
ps 0.5625 0.826797 1 0 1.125 1.65359 1.5625 0.826797 2 0 
ts 1.125 1.65359 0.5625 0.826797 1.5625 0.826797 1.5625 0.826797 1 0 2 0 0.5625 0.826797 1 0 1.5625 0.826797 
ts 3.5 3.96863 3.375 4.96078 2.8125 4.13399 3.625 2.97647 2.8125 4.13399 2.25 3.30719 3.625 2.97647 3.5 3.96863 2.8125 4.13399 3.75 1.98431 3.625 2.97647 2.71875 2.23235 2.71875 2.23235 2.25 3.30719 1.6875 2.48039 3.625 2.97647 2.25 3.30719 2.71875 2.23235 3.875 0.992157 3.75 1.98431 2.95833 1.21264 2.95833 1.21264 2.71875 2.23235 2.04167 1.43312 2.04167 1.43312 1.6875 2.48039 1.125 1.65359 3.75 1.98431 2.71875 2.23235 2.95833 1.21264 2.71875 2.23235 1.6875 2.48039 2.04167 1.43312 3 0 3.875 0.992157 2.95833 1.21264 3 0 4 0 3.875 0.992157 2 0 2.95833 1.21264 2.04167 1.43312 2 0 3 0 2.95833 1.21264 2 0 1.5625 0.826797 2.04167 1.43312 1.5625 0.826797 1.125 1.65359 2.04167 1.43312 0.5625 0.826797 0 0 1 0 1.125 1.65359 0.5625 0.826797 1.5625 0.826797 1.5625 0.826797 1 0 2 0 0.5625 0.826797 1 0 1.5625 0.826797 
cvt
ts 3.5 3.96863 3.375 4.96078 2.8125 4.13399 3.625 2.97647 2.8125 4.13399 2.25 3.30719 3.625 2.97647 3.5 3.96863 2.8125 4.13399 3.75 1.98431 3.625 2.97647 2.72569 2.26122 2.72569 2.26122 2.25 3.30719 1.6875 2.48039 3.625 2.97647 2.25 3.30719 2.72569 2.26122 3.875 0.992157 3.75 1.98431 2.89886 1.13718 2.89886 1.13718 2.72569 2.26122 2.10002 1.39225 2.10002 1.39225 1.6875 2.48039 1.125 1.65359 3.75 1.98431 2.72569 2.26122 2.89886 1.13718 2.72569 2.26122 1.6875 2.48039 2.10002 1.39225 3 0 3.875 0.992157 2.89886 1.13718 3 0 4 0 3.875 0.992157 2 0 2.89886 1.13718 2.10002 1.39225 2 0 3 0 2.89886 1.13718 2 0 1.49931 0.793358 2.10002 1.39225 1.49931 0.793358 1.125 1.65359 2.10002 1.39225 0.5625 0.826797 0 0 1 0 1.125 1.65359 0.5625 0.826797 1.49931 0.793358 1.49931 0.793358 1 0 2 0 0.5625 0.826797 1 0 1.49931 0.793358 
ts 3.5 3.96863 3.375 4.96078 2.8125 4.13399 3.625 2.97647 2.8125 4.13399 2.25 3.30719 3.625 2.97647 3.5 3.96863 2.8125 4.13399 3.75 1.98431 3.625 2.97647 2.73194 2.25642 2.73194 2.25642 2.25 3.30719 1.6875 2.48039 3.625 2.97647 2.25 3.30719 2.73194 2.25642 3.875 0.992157 3.75 1.98431 2.88982 1.11153 2.88982 1.11153 2.73194 2.25642 2.09114 1.37615 2.09114 1.37615 1.6875 2.48039 1.125 1.65359 3.75 1.98431 2.73194 2.25642 2.88982 1.11153 2.73194 2.25642 1.6875 2.48039 2.09114 1.37615 3 0 3.875 0.992157 2.88982 1.11153 3 0 4 0 3.875 0.992157 2 0 2.88982 1.11153 2.09114 1.37615 2 0 3 0 2.88982 1.11153 2 0 1.46607 0.7804 2.09114 1.37615 1.46607 0.7804 1.125 1.65359 2.09114 1.37615 0.5625 0.826797 0 0 1 0 1.125 1.65359 0.5625 0.826797 1.46607 0.7804 1.46607 0.7804 1 0 2 0 0.5625 0.826797 1 0 1.46607 0.7804 
ts 3.5 3.96863 3.375 4.96078 2.8125 4.13399 3.625 2.97647 2.8125 4.13399 2.25 3.30719 3.625 2.97647 3.5 3.96863 2.8125 4.13399 3.75 1.98431 3.625 2.97647 2.73279 2.24857 2.73279 2.24857 2.25 3.30719 1.6875 2.48039 3.625 2.97647 2.25 3.30719 2.73279 2.24857 3.875 0.992157 3.75 1.98431 2.88689 1.10067 2.88689 1.10067 2.73279 2.24857 2.07996 1.36788 2.07996 1.36788 1.6875 2.48039 1.125 1.65359 3.75 1.98431 2.73279 2.24857 2.88689 1.10067 2.73279 2.24857 1.6875 2.48039 2.07996 1.36788 3 0 3.875 0.992157 2.88689 1.10067 3 0 4 0 3.875 0.992157 2 0 2.88689 1.10067 2.07996 1.36788 2 0 3 0 2.88689 1.10067 2 0 1.44784 0.774179 2.07996 1.36788 1.44784 0.774179 1.125 1.65359 2.07996 1.36788 0.5625 0.826797 0 0 1 0 1.125 1.65359 0.5625 0.826797 1.44784 0.774179 1.44784 0.774179 1 0 2 0 0.5625 0.826797 1 0 1.44784 0.774179 
ts 3.5 3.96863 3.375 4.96078 2.8125 4.13399 3.625 2.97647 2.8125 4.13399 2.25 3.30719 3.625 2.97647 3.5 3.96863 2.8125 4.13399 3.75 1.98431 3.625 2.97647 2.73158 2.24291 2.73158 2.24291 2.25 3.30719 1.6875 2.48039 3.625 2.97647 2.25 3.30719 2.73158 2.24291 3.875 0.992157 3.75 1.98431 2.88501 1.09518 2.88501 1.09518 2.73158 2.24291 2.0718 1.363 2.0718 1.363 1.6875 2.48039 1.125 1.65359 3.75 1.98431 2.73158 2.24291 2.88501 1.09518 2.73158 2.24291 1.6875 2.48039 2.0718 1.363 3 0 3.875 0.992157 2.88501 1.09518 3 0 4 0 3.875 0.992157 2 0 2.88501 1.09518 2.0718 1.363 2 0 3 0 2.88501 1.09518 2 0 1.43739 0.770847 2.0718 1.363 1.43739 0.770847 1.125 1.65359 2.0718 1.363 0.5625 0.826797 0 0 1 0 1.125 1.65359 0.5625 0.826797 1.43739 0.770847 1.43739 0.770847 1 0 2 0 0.5625 0.826797 1 0 1.43739 0.770847 
ts 3.5 3.96863 3.375 4.96078 2.8125 4.13399 3.625 2.97647 2.8125 4.13399 2.25 3.30719 3.625 2.97647 3.5 3.96863 2.8125 4.13399 3.75 1.98431 3.625 2.97647 2.73005 2.23933 2.73005 2.23933 2.25 3.30719 1.6875 2.48039 3.625 2.97647 2.25 3.30719 2.73005 2.23933 3.875 0.992157 3.75 1.98431 2.88355 1.09217 2.88355 1.09217 2.73005 2.23933 2.06632 1.36002 2.06632 1.36002 1.6875 2.48039 1.125 1.65359 3.75 1.98431 2.73005 2.23933 2.88355 1.09217 2.73005 2.23933 1.6875 2.48039 2.06632 1.36002 3 0 3.875 0.992157 2.88355 1.09217 3 0 4 0 3.875 0.992157 2 0 2.88355 1.09217 2.06632 1.36002 2 0 3 0 2.88355 1.09217 2 0 1.43122 0.768934 2.06632 1.36002 1.43122 0.768934 1.125 1.65359 2.06632 1.36002 0.5625 0.826797 0 0 1 0 1.125 1.65359 0.5625 0.826797 1.43122 0.768934 1.43122 0.768934 1 0 2 0 0.5625 0.826797 1 0 1.43122 0.768934 
ts 3.5 3.96863 3.375 4.96078 2.8125 4.13399 3.625 2.97647 2.8125 4.13399 2.25 3.30719 3.625 2.97647 3.5 3.96863 2.8125 4.13399 3.75 1.98431 3.625 2.97647 2.72875 2.23713 2.72875 2.23713 2.25 3.30719 1.6875 2.48039 3.625 2.97647 2.25 3.30719 2.72875 2.23713 3.875 0.992157 3.75 1.98431 2.88243 1.09044 2.88243 1.09044 2.72875 2.23713 2.06272 1.35819 2.06272 1.35819 1.6875 2.48039 1.125 1.65359 3.75 1.98431 2.72875 2.23713 2.88243 1.09044 2.72875 2.23713 1.6875 2.48039 2.06272 1.35819 3 0 3.875 0.992157 2.88243 1.09044 3 0 4 0 3.875 0.992157 2 0 2.88243 1.09044 2.06272 1.35819 2 0 3 0 2.88243 1.09044 2 0 1.42749 0.767788 2.06272 1.35819 1.42749 0.767788 1.125 1.65359 2.06272 1.35819 0.5625 0.826797 0 0 1 0 1.125 1.65359 0.5625 0.826797 1.42749 0.767788 1.42749 0.767788 1 0 2 0 0.5625 0.826797 1 0 1.42749 0.767788 
ts 3.5 3.96863 3.375 4.96078 2.8125 4.13399 3.625 2.97647 2.8125 4.13399 2.25 3.30719 3.625 2.97647 3.5 3.96863 2.8125 4.13399 3.75 1.98431 3.625 2.97647 2.72778 2.2358 2.72778 2.2358 2.25 3.30719 1.6875 2.48039 3.625 2.97647 2.25 3.30719 2.72778 2.2358 3.875 0.992157 3.75 1.98431 2.88161 1.08945 2.88161 1.08945 2.72778 2.2358 2.06039 1.35706 2.06039 1.35706 1.6875 2.48039 1.125 1.65359 3.75 1.98431 2.72778 2.2358 2.88161 1.08945 2.72778 2.2358 1.6875 2.48039 2.06039 1.35706 3 0 3.875 0.992157 2.88161 1.08945 3 0 4 0 3.875 0.992157 2 0 2.88161 1.08945 2.06039 1.35706 2 0 3 0 2.88161 1.08945 2 0 1.4252 0.767085 2.06039 1.35706 1.4252 0.767085 1.125 1.65359 2.06039 1.35706 0.5625 0.826797 0 0 1 0 1.125 1.65359 0.5625 0.826797 1.4252 0.767085 1.4252 0.767085 1 0 2 0 0.5625 0.826797 1 0 1.4252 0.767085 
ts 3.5 3.96863 3.375 4.96078 2.8125 4.13399 3.625 2.97647 2.8125 4.13399 2.25 3.30719 3.625 2.97647 3.5 3.96863 2.8125 4.13399 3.75 1.98431 3.625 2.97647 2.72711 2.235 2.72711 2.235 2.25 3.30719 1.6875 2.48039 3.625 2.97647 2.25 3.30719 2.72711 2.235 3.875 0.992157 3.75 1.98431 2.88104 1.08886 2.88104 1.08886 2.72711 2.235 2.05887 1.35637 2.05887 1.35637 1.6875 2.48039 1.125 1.65359 3.75 1.98431 2.72711 2.235 2.88104 1.08886 2.72711 2.235 1.6875 2.48039 2.05887 1.35637 3 0 3.875 0.992157 2.88104 1.08886 3 0 4 0 3.875 0.992157 2 0 2.88104 1.08886 2.05887 1.35637 2 0 3 0 2.88104 1.08886 2 0 1.42378 0.766648 2.05887 1.35637 1.42378 0.766648 1.125 1.65359 2.05887 1.35637 0.5625 0.826797 0 0 1 0 1.125 1.65359 0.5625 0.826797 1.42378 0.766648 1.42378 0.766648 1 0 2 0 0.5625 0.826797 1 0 1.42378 0.766648 
ts 3.5 3.96863 3.375 4.96078 2.8125 4.13399 3.625 2.97647 2.8125 4.13399 2.25 3.30719 3.625 2.97647 3.5 3.96863 2.8125 4.13399 3.75 1.98431 3.625 2.97647 2.72665 2.23451 2.72665 2.23451 2.25 3.30719 1.6875 2.48039 3.625 2.97647 2.25 3.30719 2.72665 2.23451 3.875 0.992157 3.75 1.98431 2.88064 1.08852 2.88064 1.08852 2.72665 2.23451 2.0579 1.35595 2.0579 1.35595 1.6875 2.48039 1.125 1.65359 3.75 1.98431 2.72665 2.23451 2.88064 1.08852 2.72665 2.23451 1.6875 2.48039 2.0579 1.35595 3 0 3.875 0.992157 2.88064 1.08852 3 0 4 0 3.875 0.992157 2 0 2.88064 1.08852 2.0579 1.35595 2 0 3 0 2.88064 1.08852 2 0 1.4229 0.766376 2.0579 1.35595 1.4229 0.766376 1.125 1.65359 2.0579 1.35595 0.5625 0.826797 0 0 1 0 1.125 1.65359 0.5625 0.826797 1.4229 0.766376 1.4229 0.766376 1 0 2 0 0.5625 0.826797 1 0 1.4229 0.766376 
ts 3.5 3.96863 3.375 4.96078 2.8125 4.13399 3.625 2.97647 2.8125 4.13399 2.25 3.30719 3.625 2.97647 3.5 3.96863 2.8125 4.13399 3.75 1.98431 3.625 2.97647 2.72635 2.23421 2.72635 2.23421 2.25 3.30719 1.6875 2.48039 3.625 2.97647 2.25 3.30719 2.72635 2.23421 3.875 0.992157 3.75 1.98431 2.88037 1.08832 2.88037 1.08832 2.72635 2.23421 2.05727 1.35569 2.05727 1.35569 1.6875 2.48039 1.125 1.65359 3.75 1.98431 2.72635 2.23421 2.88037 1.08832 2.72635 2.23421 1.6875 2.48039 2.05727 1.35569 3 0 3.875 0.992157 2.88037 1.08832 3 0 4 0 3.875 0.992157 2 0 2.88037 1.08832 2.05727 1.35569 2 0 3 0 2.88037 1.08832 2 0 1.42234 0.766206 2.05727 1.35569 1.42234 0.766206 1.125 1.65359 2.05727 1.35569 0.5625 0.826797 0 0 1 0 1.125 1.65359 0.5625 0.826797 1.42234 0.766206 1.42234 0.766206 1 0 2 0 0.5625 0.826797 1 0 1.42234 0.766206 
ts 0 0 5 0 3.8 5.87878 
ls 5 0 3.8 5.87878 3.8 5.87878 0 0 
ps 3.8 5.87878 4 4.89898 4.2 3.91918 4.4 2.93939 4.6 1.95959 4.8 0.979796 5 0 3.8 5.87878 3.25714 5.03895 2.71429 4.19913 2.17143 3.3593 1.62857 2.51948 1.08571 1.67965 0.542857 0.839825 0 0 
poly 4 4.89898 3.25714 5.03895 0 0 5 0 
poly 4 4.89898 3.25714 5.03895 2.71429 4.19913 4.2 3.91918 
ps 4 4.89898 3.25714 5.03895 4.2 3.91918 3.45714 4.05915 2.71429 4.19913 
ts 4.2 3.91918 4 4.89898 3.45714 4.05915 3.45714 4.05915 3.25714 5.03895 2.71429 4.19913 4 4.89898 3.25714 5.03895 3.45714 4.05915 
poly 4.2 3.91918 2.71429 4.19913 2.17143 3.3593 4.4 2.93939 
ps 4.2 3.91918 3.45714 4.05915 2.71429 4.19913 4.4 2.93939 3.28571 3.14934 2.17143 3.3593 
ts 4.2 3.91918 3.45714 4.05915 3.28571 3.14934 4.4 2.93939 4.2 3.91918 3.28571 3.14934 3.28571 3.14934 2.71429 4.19913 2.17143 3.3593 3.28571 3.14934 3.45714 4.05915 2.71429 4.19913 
poly 4.4 2.93939 2.17143 3.3593 1.62857 2.51948 4.6 1.95959 
ps 4.4 2.93939 3.28571 3.14934 2.17143 3.3593 4.6 1.95959 3.60952 2.14622 2.61905 2.33285 1.62857 2.51948 
ts 4.6 1.95959 4.4 2.93939 3.60952 2.14622 3.60952 2.14622 3.28571 3.14934 2.61905 2.33285 2.61905 2.33285 2.17143 3.3593 1.62857 2.51948 4.4 2.93939 3.28571 3.14934 3.60952 2.14622 3.28571 3.14934 2.17143 3.3593 2.61905 2.33285 
poly 4.6 1.95959 1.62857 2.51948 1.08571 1.67965 4.8 0.979796 
ps 4.6 1.95959 3.60952 2.14622 2.61905 2.33285 1.62857 2.51948 4.8 0.979796 3.87143 1.15476 2.94286 1.32972 2.01429 1.50469 1.08571 1.67965 
ts 4.8 0.979796 4.6 1.95959 3.87143 1.15476 3.87143 1.15476 3.60952 2.14622 2.94286 1.32972 2.94286 1.32972 2.61905 2.33285 2.01429 1.50469 2.01429 1.50469 1.62857 2.51948 1.08571 1.67965 4.6 1.95959 3.60952 2.14622 3.87143 1.15476 3.60952 2.14622 2.61905 2.33285 2.94286 1.32972 2.61905 2.33285 1.62857 2.51948 2.01429 1.50469 
poly 5 0 4.8 0.979796 1.08571 1.67965 0 0 
poly 5 0 4.8 0.979796 3.87143 1.15476 4 0 
ps 5 0 4.8 0.979796 4 0 3.87143 1.15476 
ts 4 0 4.8 0.979796 3.87143 1.15476 4 0 5 0 4.8 0.979796 
poly 4 0 3.87143 1.15476 2.94286 1.32972 3 0 
ps 4 0 3.87143 1.15476 3 0 2.94286 1.32972 
ts 3 0 3.87143 1.15476 2.94286 1.32972 3 0 4 0 3.87143 1.15476 
poly 3 0 2.94286 1.32972 2.01429 1.50469 2 0 
ps 3 0 2.94286 1.32972 2 0 2.00714 0.752343 2.01429 1.50469 
ts 2 0 3 0 2.00714 0.752343 2.00714 0.752343 2.94286 1.32972 2.01429 1.50469 3 0 2.94286 1.32972 2.00714 0.752343 
poly 2.01429 1.50469 1.08571 1.67965 0 0 2 0 
poly 2.01429 1.50469 1.08571 1.67965 0.542857 0.839825 2.00714 0.752343 
ps 2.01429 1.50469 1.08571 1.67965 2.00714 0.752343 0.542857 0.839825 
ts 2.00714 0.752343 1.08571 1.67965 0.542857 0.839825 2.00714 0.752343 2.01429 1.50469 1.08571 1.67965 
poly 2.00714 0.752343 0.542857 0.839825 0 0 2 0 
ps 2.00714 0.752343 0.542857 0.839825 2 0 1 0 0 0 
ts 2 0 2.00714 0.752343 1 0 1 0 0.542857 0.839825 0 0 2.00714 0.752343 0.542857 0.839825 1 0 
ts 4 4.89898 3.8 5.87878 3.25714 5.03895 4.2 3.91918 4 4.89898 3.45714 4.05915 3.45714 4.05915 3.25714 5.03895 2.71429 4.19913 4 4.89898 3.25714 5.03895 3.45714 4.05915 4.2 3.91918 3.45714 4.05915 3.28571 3.14934 4.4 2.93939 4.2 3.91918 3.28571 3.14934 3.28571 3.14934 2.71429 4.19913 2.17143 3.3593 3.28571 3.14934 3.45714 4.05915 2.71429 4.19913 4.6 1.95959 4.4 2.93939 3.60952 2.14622 3.60952 2.14622 3.28571 3.14934 2.61905 2.33285 2.61905 2.33285 2.17143 3.3593 1.62857 2.51948 4.4 2.93939 3.28571 3.14934 3.60952 2.14622 3.28571 3.14934 2.17143 3.3593 2.61905 2.33285 4.8 0.979796 4.6 1.95959 3.87143 1.15476 3.87143 1.15476 3.60952 2.14622 2.94286 1.32972 2.94286 1.32972 2.61905 2.33285 2.01429 1.50469 2.01429 1.50469 1.62857 2.51948 1.08571 1.67965 4.6 1.95959 3.60952 2.14622 3.87143 1.15476 3.60952 2.14622 2.61905 2.33285 2.94286 1.32972 2.61905 2.33285 1.62857 2.51948 2.01429 1.50469 4 0 4.8 0.979796 3.87143 1.15476 4 0 5 0 4.8 0.979796 3 0 3.87143 1.15476 2.94286 1.32972 3 0 4 0 3.87143 1.15476 2 0 3 0 2.00714 0.752343 2.00714 0.752343 2.94286 1.32972 2.01429 1.50469 3 0 2.94286 1.32972 2.00714 0.752343 2.00714 0.752343 1.08571 1.67965 0.542857 0.839825 2.00714 0.752343 2.01429 1.50469 1.08571 1.67965 2 0 2.00714 0.752343 1 0 1 0 0.542857 0.839825 0 0 2.00714 0.752343 0.542857 0.839825 1 0 
cvt
ts 4 4.89898 3.8 5.87878 3.25714 5.03895 4.2 3.91918 4 4.89898 3.47143 4.13497 3.47143 4.13497 3.25714 5.03895 2.71429 4.19913 4 4.89898 3.25714 5.03895 3.47143 4.13497 4.2 3.91918 3.47143 4.13497 3.29524 3.19989 4.4 2.93939 4.2 3.91918 3.29524 3.19989 3.29524 3.19989 2.71429 4.19913 2.17143 3.3593 3.29524 3.19989 3.47143 4.13497 2.71429 4.19913 4.6 1.95959 4.4 2.93939 3.61647 2.15472 3.61647 2.15472 3.29524 3.19989 2.61567 2.3433 2.61567 2.3433 2.17143 3.3593 1.62857 2.51948 4.4 2.93939 3.29524 3.19989 3.61647 2.15472 3.29524 3.19989 2.17143 3.3593 2.61567 2.3433 4.8 0.979796 4.6 1.95959 3.82762 1.08977 3.82762 1.08977 3.61647 2.15472 2.91751 1.28504 2.91751 1.28504 2.61567 2.3433 2.0213 1.60995 2.0213 1.60995 1.62857 2.51948 1.08571 1.67965 4.6 1.95959 3.61647 2.15472 3.82762 1.08977 3.61647 2.15472 2.61567 2.3433 2.91751 1.28504 2.61567 2.3433 1.62857 2.51948 2.0213 1.60995 4 0 4.8 0.979796 3.82762 1.08977 4 0 5 0 4.8 0.979796 3 0 3.82762 1.08977 2.91751 1.28504 3 0 4 0 3.82762 1.08977 2 0 3 0 1.87918 0.758696 1.87918 0.758696 2.91751 1.28504 2.0213 1.60995 3 0 2.91751 1.28504 1.87918 0.758696 1.87918 0.758696 1.08571 1.67965 0.542857 0.839825 1.87918 0.758696 2.0213 1.60995 1.08571 1.67965 2 0 1.87918 0.758696 1 0 1 0 0.542857 0.839825 0 0 1.87918 0.758696 0.542857 0.839825 1 0 
ts 4 4.89898 3.8 5.87878 3.25714 5.03895 4.2 3.91918 4 4.89898 3.479 4.17514 3.479 4.17514 3.25714 5.03895 2.71429 4.19913 4 4.89898 3.25714 5.03895 3.479 4.17514 4.2 3.91918 3.479 4.17514 3.30067 3.22874 4.4 2.93939 4.2 3.91918 3.30067 3.22874 3.30067 3.22874 2.71429 4.19913 2.17143 3.3593 3.30067 3.22874 3.479 4.17514 2.71429 4.19913 4.6 1.95959 4.4 2.93939 3.6117 2.15002 3.6117 2.15002 3.30067 3.22874 2.62685 2.36035 2.62685 2.36035 2.17143 3.3593 1.62857 2.51948 4.4 2.93939 3.30067 3.22874 3.6117 2.15002 3.30067 3.22874 2.17143 3.3593 2.62685 2.36035 4.8 0.979796 4.6 1.95959 3.81137 1.06571 3.81137 1.06571 3.6117 2.15002 2.88318 1.27083 2.88318 1.27083 2.62685 2.36035 2.02211 1.65313 2.02211 1.65313 1.62857 2.51948 1.08571 1.67965 4.6 1.95959 3.6117 2.15002 3.81137 1.06571 3.6117 2.15002 2.62685 2.36035 2.88318 1.27083 2.62685 2.36035 1.62857 2.51948 2.02211 1.65313 4 0 4.8 0.979796 3.81137 1.06571 4 0 5 0 4.8 0.979796 3 0 3.81137 1.06571 2.88318 1.27083 3 0 4 0 3.81137 1.06571 2 0 3 0 1.8431 0.774369 1.8431 0.774369 2.88318 1.27083 2.02211 1.65313 3 0 2.88318 1.27083 1.8431 0.774369 1.8431 0.774369 1.08571 1.67965 0.542857 0.839825 1.8431 0.774369 2.02211 1.65313 1.08571 1.67965 2 0 1.8431 0.774369 1 0 1 0 0.542857 0.839825 0 0 1.8431 0.774369 0.542857 0.839825 1 0 
ts 4 4.89898 3.8 5.87878 3.25714 5.03895 4.2 3.91918 4 4.89898 3.48304 4.19661 3.48304 4.19661 3.25714 5.03895 2.71429 4.19913 4 4.89898 3.25714 5.03895 3.48304 4.19661 4.2 3.91918 3.48304 4.19661 3.30521 3.24529 4.4 2.93939 4.2 3.91918 3.30521 3.24529 3.30521 3.24529 2.71429 4.19913 2.17143 3.3593 3.30521 3.24529 3.48304 4.19661 2.71429 4.19913 4.6 1.95959 4.4 2.93939 3.6065 2.14701 3.6065 2.14701 3.30521 3.24529 2.63322 2.37303 2.63322 2.37303 2.17143 3.3593 1.62857 2.51948 4.4 2.93939 3.30521 3.24529 3.6065 2.14701 3.30521 3.24529 2.17143 3.3593 2.63322 2.37303 4.8 0.979796 4.6 1.95959 3.80107 1.05662 3.80107 1.05662 3.6065 2.14701 2.86232 1.26949 2.86232 1.26949 2.63322 2.37303 2.01949 1.67626 2.01949 1.67626 1.62857 2.51948 1.08571 1.67965 4.6 1.95959 3.6065 2.14701 3.80107 1.05662 3.6065 2.14701 2.63322 2.37303 2.86232 1.26949 2.63322 2.37303 1.62857 2.51948 2.01949 1.67626 4 0 4.8 0.979796 3.80107 1.05662 4 0 5 0 4.8 0.979796 3 0 3.80107 1.05662 2.86232 1.26949 3 0 4 0 3.80107 1.05662 2 0 3 0 1.82917 0.784354 1.82917 0.784354 2.86232 1.26949 2.01949 1.67626 3 0 2.86232 1.26949 1.82917 0.784354 1.82917 0.784354 1.08571 1.67965 0.542857 0.839825 1.82917 0.784354 2.01949 1.67626 1.08571 1.67965 2 0 1.82917 0.784354 1 0 1 0 0.542857 0.839825 0 0 1.82917 0.784354 0.542857 0.839825 1 0 
ts 4 4.89898 3.8 5.87878 3.25714 5.03895 4.2 3.91918 4 4.89898 3.48527 4.20828 3.48527 4.20828 3.25714 5.03895 2.71429 4.19913 4 4.89898 3.25714 5.03895 3.48527 4.20828 4.2 3.91918 3.48527 4.20828 3.30821 3.25485 4.4 2.93939 4.2 3.91918 3.30821 3.25485 3.30821 3.25485 2.71429 4.19913 2.17143 3.3593 3.30821 3.25485 3.48527 4.20828 2.71429 4.19913 4.6 1.95959 4.4 2.93939 3.60271 2.1468 3.60271 2.1468 3.30821 3.25485 2.63578 2.38204 2.63578 2.38204 2.17143 3.3593 1.62857 2.51948 4.4 2.93939 3.30821 3.25485 3.60271 2.1468 3.30821 3.25485 2.17143 3.3593 2.63578 2.38204 4.8 0.979796 4.6 1.95959 3.79422 1.05357 3.79422 1.05357 3.60271 2.1468 2.84997 1.27215 2.84997 1.27215 2.63578 2.38204 2.01675 1.68998 2.01675 1.68998 1.62857 2.51948 1.08571 1.67965 4.6 1.95959 3.60271 2.1468 3.79422 1.05357 3.60271 2.1468 2.63578 2.38204 2.84997 1.27215 2.63578 2.38204 1.62857 2.51948 2.01675 1.68998 4 0 4.8 0.979796 3.79422 1.05357 4 0 5 0 4.8 0.979796 3 0 3.79422 1.05357 2.84997 1.27215 3 0 4 0 3.79422 1.05357 2 0 3 0 1.82293 0.790462 1.82293 0.790462 2.84997 1.27215 2.01675 1.68998 3 0 2.84997 1.27215 1.82293 0.790462 1.82293 0.790462 1.08571 1.67965 0.542857 0.839825 1.82293 0.790462 2.01675 1.68998 1.08571 1.67965 2 0 1.82293 0.790462 1 0 1 0 0.542857 0.839825 0 0 1.82293 0.790462 0.542857 0.839825 1 0 
ts 4 4.89898 3.8 5.87878 3.25714 5.03895 4.2 3.91918 4 4.89898 3.48654 4.21474 3.48654 4.21474 3.25714 5.03895 2.71429 4.19913 4 4.89898 3.25714 5.03895 3.48654 4.21474 4.2 3.91918 3.48654 4.21474 3.30993 3.26062 4.4 2.93939 4.2 3.91918 3.30993 3.26062 3.30993 3.26062 2.71429 4.19913 2.17143 3.3593 3.30993 3.26062 3.48654 4.21474 2.71429 4.19913 4.6 1.95959 4.4 2.93939 3.60009 2.14804 3.60009 2.14804 3.30993 3.26062 2.63645 2.38846 2.63645 2.38846 2.17143 3.3593 1.62857 2.51948 4.4 2.93939 3.30993 3.26062 3.60009 2.14804 3.30993 3.26062 2.17143 3.3593 2.63645 2.38846 4.8 0.979796 4.6 1.95959 3.78965 1.05306 3.78965 1.05306 3.60009 2.14804 2.84254 1.27568 2.84254 1.27568 2.63645 2.38846 2.01455 1.69854 2.01455 1.69854 1.62857 2.51948 1.08571 1.67965 4.6 1.95959 3.60009 2.14804 3.78965 1.05306 3.60009 2.14804 2.63645 2.38846 2.84254 1.27568 2.63645 2.38846 1.62857 2.51948 2.01455 1.69854 4 0 4.8 0.979796 3.78965 1.05306 4 0 5 0 4.8 0.979796 3 0 3.78965 1.05306 2.84254 1.27568 3 0 4 0 3.78965 1.05306 2 0 3 0 1.8199 0.794347 1.8199 0.794347 2.84254 1.27568 2.01455 1.69854 3 0 2.84254 1.27568 1.8199 0.794347 1.8199 0.794347 1.08571 1.67965 0.542857 0.839825 1.8199 0.794347 2.01455 1.69854 1.08571 1.67965 2 0 1.8199 0.794347 1 0 1 0 0.542857 0.839825 0 0 1.8199 0.794347 0.542857 0.839825 1 0 
ts 4 4.89898 3.8 5.87878 3.25714 5.03895 4.2 3.91918 4 4.89898 3.48726 4.2184 3.48726 4.2184 3.25714 5.03895 2.71429 4.19913 4 4.89898 3.25714 5.03895 3.48726 4.2184 4.2 3.91918 3.48726 4.2184 3.31083 3.26429 4.4 2.93939 4.2 3.91918 3.31083 3.26429 3.31083 3.26429 2.71429 4.19913 2.17143 3.3593 3.31083 3.26429 3.48726 4.2184 2.71429 4.19913 4.6 1.95959 4.4 2.93939 3.59826 2.14975 3.59826 2.14975 3.31083 3.26429 2.63631 2.39307 2.63631 2.39307 2.17143 3.3593 1.62857 2.51948 4.4 2.93939 3.31083 3.26429 3.59826 2.14975 3.31083 3.26429 2.17143 3.3593 2.63631 2.39307 4.8 0.979796 4.6 1.95959 3.78658 1.05357 3.78658 1.05357 3.59826 2.14975 2.83799 1.27899 2.83799 1.27899 2.63631 2.39307 2.01292 1.70407 2.01292 1.70407 1.62857 2.51948 1.08571 1.67965 4.6 1.95959 3.59826 2.14975 3.78658 1.05357 3.59826 2.14975 2.63631 2.39307 2.83799 1.27899 2.63631 2.39307 1.62857 2.51948 2.01292 1.70407 4 0 4.8 0.979796 3.78658 1.05357 4 0 5 0 4.8 0.979796 3 0 3.78658 1.05357 2.83799 1.27899 3 0 4 0 3.78658 1.05357 2 0 3 0 1.81837 0.796918 1.81837 0.796918 2.83799 1.27899 2.01292 1.70407 3 0 2.83799 1.27899 1.81837 0.796918 1.81837 0.796918 1.08571 1.67965 0.542857 0.839825 1.81837 0.796918 2.01292 1.70407 1.08571 1.67965 2 0 1.81837 0.796918 1 0 1 0 0.542857 0.839825 0 0 1.81837 0.796918 0.542857 0.839825 1 0 
ts 4 4.89898 3.8 5.87878 3.25714 5.03895 4.2 3.91918 4 4.89898 3.48769 4.22055 3.48769 4.22055 3.25714 5.03895 2.71429 4.19913 4 4.89898 3.25714 5.03895 3.48769 4.22055 4.2 3.91918 3.48769 4.22055 3.31126 3.26671 4.4 2.93939 4.2 3.91918 3.31126 3.26671 3.31126 3.26671 2.71429 4.19913 2.17143 3.3593 3.31126 3.26671 3.48769 4.22055 2.71429 4.19913 4.6 1.95959 4.4 2.93939 3.59697 2.15145 3.59697 2.15145 3.31126 3.26671 2.63591 2.39639 2.63591 2.39639 2.17143 3.3593 1.62857 2.51948 4.4 2.93939 3.31126 3.26671 3.59697 2.15145 3.31126 3.26671 2.17143 3.3593 2.63591 2.39639 4.8 0.979796 4.6 1.95959 3.78451 1.05438 3.78451 1.05438 3.59697 2.15145 2.83515 1.28175 2.83515 1.28175 2.63591 2.39639 2.01176 1.70776 2.01176 1.70776 1.62857 2.51948 1.08571 1.67965 4.6 1.95959 3.59697 2.15145 3.78451 1.05438 3.59697 2.15145 2.63591 2.39639 2.83515 1.28175 2.63591 2.39639 1.62857 2.51948 2.01176 1.70776 4 0 4.8 0.979796 3.78451 1.05438 4 0 5 0 4.8 0.979796 3 0 3.78451 1.05438 2.83515 1.28175 3 0 4 0 3.78451 1.05438 2 0 3 0 1.81758 0.79867 1.81758 0.79867 2.83515 1.28175 2.01176 1.70776 3 0 2.83515 1.28175 1.81758 0.79867 1.81758 0.79867 1.08571 1.67965 0.542857 0.839825 1.81758 0.79867 2.01176 1.70776 1.08571 1.67965 2 0 1.81758 0.79867 1 0 1 0 0.542857 0.839825 0 0 1.81758 0.79867 0.542857 0.839825 1 0 
ts 4 4.89898 3.8 5.87878 3.25714 5.03895 4.2 3.91918 4 4.89898 3.48794 4.22186 3.48794 4.22186 3.25714 5.03895 2.71429 4.19913 4 4.89898 3.25714 5.03895 3.48794 4.22186 4.2 3.91918 3.48794 4.22186 3.31145 3.26838 4.4 2.93939 4.2 3.91918 3.31145 3.26838 3.31145 3.26838 2.71429 4.19913 2.17143 3.3593 3.31145 3.26838 3.48794 4.22186 2.71429 4.19913 4.6 1.95959 4.4 2.93939 3.59606 2.15295 3.59606 2.15295 3.31145 3.26838 2.63546 2.3988 2.63546 2.3988 2.17143 3.3593 1.62857 2.51948 4.4 2.93939 3.31145 3.26838 3.59606 2.15295 3.31145 3.26838 2.17143 3.3593 2.63546 2.3988 4.8 0.979796 4.6 1.95959 3.78309 1.05521 3.78309 1.05521 3.59606 2.15295 2.83333 1.28395 2.83333 1.28395 2.63546 2.3988 2.01095 1.71027 2.01095 1.71027 1.62857 2.51948 1.08571 1.67965 4.6 1.95959 3.59606 2.15295 3.78309 1.05521 3.59606 2.15295 2.63546 2.3988 2.83333 1.28395 2.63546 2.3988 1.62857 2.51948 2.01095 1.71027 4 0 4.8 0.979796 3.78309 1.05521 4 0 5 0 4.8 0.979796 3 0 3.78309 1.05521 2.83333 1.28395 3 0 4 0 3.78309 1.05521 2 0 3 0 1.81718 0.79989 1.81718 0.79989 2.83333 1.28395 2.01095 1.71027 3 0 2.83333 1.28395 1.81718 0.79989 1.81718 0.79989 1.08571 1.67965 0.542857 0.839825 1.81718 0.79989 2.01095 1.71027 1.08571 1.67965 2 0 1.81718 0.79989 1 0 1 0 0.542857 0.839825 0 0 1.81718 0.79989 0.542857 0.839825 1 0 
ts 4 4.89898 3.8 5.87878 3.25714 5.03895 4.2 3.91918 4 4.89898 3.4881 4.22269 3.4881 4.22269 3.25714 5.03895 2.71429 4.19913 4 4.89898 3.25714 5.03895 3.4881 4.22269 4.2 3.91918 3.4881 4.22269 3.31152 3.26955 4.4 2.93939 4.2 3.91918 3.31152 3.26955 3.31152 3.26955 2.71429 4.19913 2.17143 3.3593 3.31152 3.26955 3.4881 4.22269 2.71429 4.19913 4.6 1.95959 4.4 2.93939 3.5954 2.15418 3.5954 2.15418 3.31152 3.26955 2.63506 2.40056 2.63506 2.40056 2.17143 3.3593 1.62857 2.51948 4.4 2.93939 3.31152 3.26955 3.5954 2.15418 3.31152 3.26955 2.17143 3.3593 2.63506 2.40056 4.8 0.979796 4.6 1.95959 3.78212 1.05594 3.78212 1.05594 3.5954 2.15418 2.83215 1.28564 2.83215 1.28564 2.63506 2.40056 2.01039 1.71201 2.01039 1.71201 1.62857 2.51948 1.08571 1.67965 4.6 1.95959 3.5954 2.15418 3.78212 1.05594 3.5954 2.15418 2.63506 2.40056 2.83215 1.28564 2.63506 2.40056 1.62857 2.51948 2.01039 1.71201 4 0 4.8 0.979796 3.78212 1.05594 4 0 5 0 4.8 0.979796 3 0 3.78212 1.05594 2.83215 1.28564 3 0 4 0 3.78212 1.05594 2 0 3 0 1.81697 0.800751 1.81697 0.800751 2.83215 1.28564 2.01039 1.71201 3 0 2.83215 1.28564 1.81697 0.800751 1.81697 0.800751 1.08571 1.67965 0.542857 0.839825 1.81697 0.800751 2.01039 1.71201 1.08571 1.67965 2 0 1.81697 0.800751 1 0 1 0 0.542857 0.839825 0 0 1.81697 0.800751 0.542857 0.839825 1 0 
ts 4 4.89898 3.8 5.87878 3.25714 5.03895 4.2 3.91918 4 4.89898 3.4882 4.22324 3.4882 4.22324 3.25714 5.03895 2.71429 4.19913 4 4.89898 3.25714 5.03895 3.4882 4.22324 4.2 3.91918 3.4882 4.22324 3.31154 3.27038 4.4 2.93939 4.2 3.91918 3.31154 3.27038 3.31154 3.27038 2.71429 4.19913 2.17143 3.3593 3.31154 3.27038 3.4882 4.22324 2.71429 4.19913 4.6 1.95959 4.4 2.93939 3.59494 2.15516 3.59494 2.15516 3.31154 3.27038 2.63473 2.40184 2.63473 2.40184 2.17143 3.3593 1.62857 2.51948 4.4 2.93939 3.31154 3.27038 3.59494 2.15516 3.31154 3.27038 2.17143 3.3593 2.63473 2.40184 4.8 0.979796 4.6 1.95959 3.78144 1.05654 3.78144 1.05654 3.59494 2.15516 2.83138 1.28693 2.83138 1.28693 2.63473 2.40184 2.01001 1.71324 2.01001 1.71324 1.62857 2.51948 1.08571 1.67965 4.6 1.95959 3.59494 2.15516 3.78144 1.05654 3.59494 2.15516 2.63473 2.40184 2.83138 1.28693 2.63473 2.40184 1.62857 2.51948 2.01001 1.71324 4 0 4.8 0.979796 3.78144 1.05654 4 0 5 0 4.8 0.979796 3 0 3.78144 1.05654 2.83138 1.28693 3 0 4 0 3.78144 1.05654 2 0 3 0 1.81687 0.801367 1.81687 0.801367 2.83138 1.28693 2.01001 1.71324 3 0 2.83138 1.28693 1.81687 0.801367 1.81687 0.801367 1.08571 1.67965 0.542857 0.839825 1.81687 0.801367 2.01001 1.71324 1.08571 1.67965 2 0 1.81687 0.801367 1 0 1 0 0.542857 0.839825 0 0 1.81687 0.801367 0.542857 0.839825 1 0 
ts 0 0 6 0 4.25 6.77772 
ls 6 0 4.25 6.77772 4.25 6.77772 0 0 
ps 4.25 6.77772 4.5 5.80947 4.75 4.84123 5 3.87298 5.25 2.90474 5.5 1.93649 5.75 0.968246 6 0 4.25 6.77772 3.71875 5.93051 3.1875 5.08329 2.65625 4.23608 2.125 3.38886 1.59375 2.54165 1.0625 1.69443 0.53125 0.847215 0 0 
poly 4.5 5.80947 3.71875 5.93051 0 0 6 0 
poly 4.5 5.80947 3.71875 5.93051 3.1875 5.08329 4.75 4.84123 
ps 4.5 5.80947 3.71875 5.93051 4.75 4.84123 3.96875 4.96226 3.1875 5.08329 
ts 4.75 4.84123 4.5 5.80947 3.96875 4.96226 3.96875 4.96226 3.71875 5.93051 3.1875 5.08329 4.5 5.80947 3.71875 5.93051 3.96875 4.96226 
poly 4.75 4.84123 3.1875 5.08329 2.65625 4.23608 5 3.87298 
ps 4.75 4.84123 3.96875 4.96226 3.1875 5.08329 5 3.87298 3.82812 4.05453 2.65625 4.23608 
ts 4.75 4.84123 3.96875 4.96226 3.82812 4.05453 5 3.87298 4.75 4.84123 3.82812 4.05453 3.82812 4.05453 3.1875 5.08329 2.65625 4.23608 3.82812 4.05453 3.96875 4.96226 3.1875 5.08329 
poly 5 3.87298 2.65625 4.23608 2.125 3.38886 5.25 2.90474 
ps 5 3.87298 3.82812 4.05453 2.65625 4.23608 5.25 2.90474 4.20833 3.06611 3.16667 3.22749 2.125 3.38886 
ts 5.25 2.90474 5 3.87298 4.20833 3.06611 4.20833 3.06611 3.82812 4.05453 3.16667 3.22749 3.16667 3.22749 2.65625 4.23608 2.125 3.38886 5 3.87298 3.82812 4.05453 4.20833 3.06611 3.82812 4.05453 2.65625 4.23608 3.16667 3.22749 
poly 5.25 2.90474 2.125 3.38886 1.59375 2.54165 5.5 1.93649 
ps 5.25 2.90474 4.20833 3.06611 3.16667 3.22749 2.125 3.38886 5.5 1.93649 4.52344 2.08778 3.54688 2.23907 2.57031 2.39036 1.59375 2.54165 
ts 5.5 1.93649 5.25 2.90474 4.52344 2.08778 4.52344 2.08778 4.20833 3.06611 3.54688 2.23907 3.54688 2.23907 3.16667 3.22749 2.57031 2.39036 2.57031 2.39036 2.125 3.38886 1.59375 2.54165 5.25 2.90474 4.20833 3.06611 4.52344 2.08778 4.20833 3.06611 3.16667 3.22749 3.54688 2.23907 3.16667 3.22749 2.125 3.38886 2.57031 2.39036 
poly 5.5 1.93649 1.59375 2.54165 1.0625 1.69443 5.75 0.968246 
ps 5.5 1.93649 4.52344 2.08778 3.54688 2.23907 2.57031 2.39036 1.59375 2.54165 5.75 0.968246 4.8125 1.11348 3.875 1.25872 2.9375 1.40396 2 1.54919 1.0625 1.69443 
ts 5.75 0.968246 5.5 1.93649 4.8125 1.11348 4.8125 1.11348 4.52344 2.08778 3.875 1.25872 3.875 1.25872 3.54688 2.23907 2.9375 1.40396 2.9375 1.40396 2.57031 2.39036 2 1.54919 2 1.54919 1.59375 2.54165 1.0625 1.69443 5.5 1.93649 4.52344 2.08778 4.8125 1.11348 4.52344 2.08778 3.54688 2.23907 3.875 1.25872 3.54688 2.23907 2.57031 2.39036 2.9375 1.40396 2.57031 2.39036 1.59375 2.54165 2 1.54919 
poly 6 0 5.75 0.968246 1.0625 1.69443 0 0 
poly 6 0 5.75 0.968246 4.8125 1.11348 5 0 
ps 6 0 5.75 0.968246 5 0 4.8125 1.11348 
ts 5 0 5.75 0.968246 4.8125 1.11348 5 0 6 0 5.75 0.968246 
poly 5 0 4.8125 1.11348 3.875 1.25872 4 0 
ps 5 0 4.8125 1.11348 4 0 3.875 1.25872 
ts 4 0 4.8125 1.11348 3.875 1.25872 4 0 5 0 4.8125 1.11348 
poly 4 0 3.875 1.25872 2.9375 1.40396 3 0 
ps 4 0 3.875 1.25872 3 0 2.9375 1.40396 
ts 3 0 3.875 1.25872 2.9375 1.40396 3 0 4 0 3.875 1.25872 
poly 3 0 2.9375 1.40396 2 1.54919 2 0 
ps 3 0 2.9375 1.40396 2 0 2 0.774597 2 1.54919 
ts 2 0 3 0 2 0.774597 2 0.774597 2.9375 1.40396 2 1.54919 3 0 2.9375 1.40396 2 0.774597 
poly 2 1.54919 1.0625 1.69443 0 0 2 0 
poly 2 1.54919 1.0625 1.69443 0.53125 0.847215 2 0.774597 
ps 2 1.54919 1.0625 1.69443 2 0.774597 0.53125 0.847215 
ts 2 0.774597 1.0625 1.69443 0.53125 0.847215 2 0.774597 2 1.54919 1.0625 1.69443 
poly 2 0.774597 0.53125 0.847215 0 0 2 0 
ps 2 0.774597 0.53125 0.847215 2 0 1 0 0 0 
ts 2 0 2 0.774597 1 0 1 0 0.53125 0.847215 0 0 2 0.774597 0.53125 0.847215 1 0 
ts 4.5 5.80947 4.25 6.77772 3.71875 5.93051 4.75 4.84123 4.5 5.80947 3.96875 4.96226 3.96875 4.96226 3.71875 5.93051 3.1875 5.08329 4.5 5.80947 3.71875 5.93051 3.96875 4.96226 4.75 4.84123 3.96875 4.96226 3.82812 4.05453 5 3.87298 4.75 4.84123 3.82812 4.05453 3.82812 4.05453 3.1875 5.08329 2.65625 4.23608 3.82812 4.05453 3.96875 4.96226 3.1875 5.08329 5.25 2.90474 5 3.87298 4.20833 3.06611 4.20833 3.06611 3.82812 4.05453 3.16667 3.22749 3.16667 3.22749 2.65625 4.23608 2.125 3.38886 5 3.87298 3.82812 4.05453 4.20833 3.06611 3.82812 4.05453 2.65625 4.23608 3.16667 3.22749 5.5 1.93649 5.25 2.90474 4.52344 2.08778 4.52344 2.08778 4.20833 3.06611 3.54688 2.23907 3.54688 2.23907 3.16667 3.22749 2.57031 2.39036 2.57031 2.39036 2.125 3.38886 1.59375 2.54165 5.25 2.90474 4.20833 3.06611 4.52344 2.08778 4.20833 3.06611 3.16667 3.22749 3.54688 2.23907 3.16667 3.22749 2.125 3.38886 2.57031 2.39036 5.75 0.968246 5.5 1.93649 4.8125 1.11348 4.8125 1.11348 4.52344 2.08778 3.875 1.25872 3.875 1.25872 3.54688 2.23907 2.9375 1.40396 2.9375 1.40396 2.57031 2.39036 2 1.54919 2 1.54919 1.59375 2.54165 1.0625 1.69443 5.5 1.93649 4.52344 2.08778 4.8125 1.11348 4.52344 2.08778 3.54688 2.23907 3.875 1.25872 3.54688 2.23907 2.57031 2.39036 2.9375 1.40396 2.57031 2.39036 1.59375 2.54165 2 1.54919 5 0 5.75 0.968246 4.8125 1.11348 5 0 6 0 5.75 0.968246 4 0 4.8125 1.11348 3.875 1.25872 4 0 5 0 4.8125 1.11348 3 0 3.875 1.25872 2.9375 1.40396 3 0 4 0 3.875 1.25872 2 0 3 0 2 0.774597 2 0.774597 2.9375 1.40396 2 1.54919 3 0 2.9375 1.40396 2 0.774597 2 0.774597 1.0625 1.69443 0.53125 0.847215 2 0.774597 2 1.54919 1.0625 1.69443 2 0 2 0.774597 1 0 1 0 0.53125 0.847215 0 0 2 0.774597 0.53125 0.847215 1 0 
cvt
ts 4.5 5.80947 4.25 6.77772 3.71875 5.93051 4.75 4.84123 4.5 5.80947 3.98021 5.03622 3.98021 5.03622 3.71875 5.93051 3.1875 5.08329 4.5 5.80947 3.71875 5.93051 3.98021 5.03622 4.75 4.84123 3.98021 5.03622 3.83569 4.10336 5 3.87298 4.75 4.84123 3.83569 4.10336 3.83569 4.10336 3.1875 5.08329 2.65625 4.23608 3.83569 4.10336 3.98021 5.03622 3.1875 5.08329 5.25 2.90474 5 3.87298 4.21539 3.07578 4.21539 3.07578 3.83569 4.10336 3.16287 3.23883 3.16287 3.23883 2.65625 4.23608 2.125 3.38886 5 3.87298 3.83569 4.10336 4.21539 3.07578 3.83569 4.10336 2.65625 4.23608 3.16287 3.23883 5.5 1.93649 5.25 2.90474 4.52857 2.09221 4.52857 2.09221 4.21539 3.07578 3.54763 2.24392 3.54763 2.24392 3.16287 3.23883 2.56676 2.39613 2.56676 2.39613 2.125 3.38886 1.59375 2.54165 5.25 2.90474 4.21539 3.07578 4.52857 2.09221 4.21539 3.07578 3.16287 3.23883 3.54763 2.24392 3.16287 3.23883 2.125 3.38886 2.56676 2.39613 5.75 0.968246 5.5 1.93649 4.77784 1.05719 4.77784 1.05719 4.52857 2.09221 3.81867 1.1649 3.81867 1.1649 3.54763 2.24392 2.90895 1.33952 2.90895 1.33952 2.56676 2.39613 2.00311 1.64672 2.00311 1.64672 1.59375 2.54165 1.0625 1.69443 5.5 1.93649 4.52857 2.09221 4.77784 1.05719 4.52857 2.09221 3.54763 2.24392 3.81867 1.1649 3.54763 2.24392 2.56676 2.39613 2.90895 1.33952 2.56676 2.39613 1.59375 2.54165 2.00311 1.64672 5 0 5.75 0.968246 4.77784 1.05719 5 0 6 0 5.75 0.968246 4 0 4.77784 1.05719 3.81867 1.1649 4 0 5 0 4.77784 1.05719 3 0 3.81867 1.1649 2.90895 1.33952 3 0 4 0 3.81867 1.1649 2 0 3 0 1.87847 0.779861 1.87847 0.779861 2.90895 1.33952 2.00311 1.64672 3 0 2.90895 1.33952 1.87847 0.779861 1.87847 0.779861 1.0625 1.69443 0.53125 0.847215 1.87847 0.779861 2.00311 1.64672 1.0625 1.69443 2 0 1.87847 0.779861 1 0 1 0 0.53125 0.847215 0 0 1.87847 0.779861 0.53125 0.847215 1 0 
ts 4.5 5.80947 4.25 6.77772 3.71875 5.93051 4.75 4.84123 4.5 5.80947 3.98627 5.07532 3.98627 5.07532 3.71875 5.93051 3.1875 5.08329 4.5 5.80947 3.71875 5.93051 3.98627 5.07532 4.75 4.84123 3.98627 5.07532 3.84005 4.13153 5 3.87298 4.75 4.84123 3.84005 4.13153 3.84005 4.13153 3.1875 5.08329 2.65625 4.23608 3.84005 4.13153 3.98627 5.07532 3.1875 5.08329 5.25 2.90474 5 3.87298 4.21661 3.08798 4.21661 3.08798 3.84005 4.13153 3.1654 3.25084 3.1654 3.25084 2.65625 4.23608 2.125 3.38886 5 3.87298 3.84005 4.13153 4.21661 3.08798 3.84005 4.13153 2.65625 4.23608 3.1654 3.25084 5.5 1.93649 5.25 2.90474 4.51869 2.07384 4.51869 2.07384 4.21661 3.08798 3.54249 2.22764 3.54249 2.22764 3.1654 3.25084 2.57354 2.40273 2.57354 2.40273 2.125 3.38886 1.59375 2.54165 5.25 2.90474 4.21661 3.08798 4.51869 2.07384 4.21661 3.08798 3.1654 3.25084 3.54249 2.22764 3.1654 3.25084 2.125 3.38886 2.57354 2.40273 5.75 0.968246 5.5 1.93649 4.76077 1.03262 4.76077 1.03262 4.51869 2.07384 3.79321 1.12747 3.79321 1.12747 3.54249 2.22764 2.86975 1.31669 2.86975 1.31669 2.57354 2.40273 2.00152 1.68539 2.00152 1.68539 1.59375 2.54165 1.0625 1.69443 5.5 1.93649 4.51869 2.07384 4.76077 1.03262 4.51869 2.07384 3.54249 2.22764 3.79321 1.12747 3.54249 2.22764 2.57354 2.40273 2.86975 1.31669 2.57354 2.40273 1.59375 2.54165 2.00152 1.68539 5 0 5.75 0.968246 4.76077 1.03262 5 0 6 0 5.75 0.968246 4 0 4.76077 1.03262 3.79321 1.12747 4 0 5 0 4.76077 1.03262 3 0 3.79321 1.12747 2.86975 1.31669 3 0 4 0 3.79321 1.12747 2 0 3 0 1.84059 0.792501 1.84059 0.792501 2.86975 1.31669 2.00152 1.68539 3 0 2.86975 1.31669 1.84059 0.792501 1.84059 0.792501 1.0625 1.69443 0.53125 0.847215 1.84059 0.792501 2.00152 1.68539 1.0625 1.69443 2 0 1.84059 0.792501 1 0 1 0 0.53125 0.847215 0 0 1.84059 0.792501 0.53125 0.847215 1 0 
ts 4.5 5.80947 4.25 6.77772 3.71875 5.93051 4.75 4.84123 4.5 5.80947 3.98951 5.09626 3.98951 5.09626 3.71875 5.93051 3.1875 5.08329 4.5 5.80947 3.71875 5.93051 3.98951 5.09626 4.75 4.84123 3.98951 5.09626 3.84276 4.14899 5 3.87298 4.75 4.84123 3.84276 4.14899 3.84276 4.14899 3.1875 5.08329 2.65625 4.23608 3.84276 4.14899 3.98951 5.09626 3.1875 5.08329 5.25 2.90474 5 3.87298 4.21527 3.09203 4.21527 3.09203 3.84276 4.14899 3.16948 3.2581 3.16948 3.2581 2.65625 4.23608 2.125 3.38886 5 3.87298 3.84276 4.14899 4.21527 3.09203 3.84276 4.14899 2.65625 4.23608 3.16948 3.2581 5.5 1.93649 5.25 2.90474 4.50936 2.0597 4.50936 2.0597 4.21527 3.09203 3.53557 2.21535 3.53557 2.21535 3.16948 3.2581 2.577 2.4075 2.577 2.4075 2.125 3.38886 1.59375 2.54165 5.25 2.90474 4.21527 3.09203 4.50936 2.0597 4.21527 3.09203 3.16948 3.2581 3.53557 2.21535 3.16948 3.2581 2.125 3.38886 2.577 2.4075 5.75 0.968246 5.5 1.93649 4.75215 1.01974 4.75215 1.01974 4.50936 2.0597 3.77498 1.10769 3.77498 1.10769 3.53557 2.21535 2.84413 1.30857 2.84413 1.30857 2.577 2.4075 1.99583 1.70432 1.99583 1.70432 1.59375 2.54165 1.0625 1.69443 5.5 1.93649 4.50936 2.0597 4.75215 1.01974 4.50936 2.0597 3.53557 2.21535 3.77498 1.10769 3.53557 2.21535 2.577 2.4075 2.84413 1.30857 2.577 2.4075 1.59375 2.54165 1.99583 1.70432 5 0 5.75 0.968246 4.75215 1.01974 5 0 6 0 5.75 0.968246 4 0 4.75215 1.01974 3.77498 1.10769 4 0 5 0 4.75215 1.01974 3 0 3.77498 1.10769 2.84413 1.30857 3 0 4 0 3.77498 1.10769 2 0 3 0 1.82463 0.800333 1.82463 0.800333 2.84413 1.30857 1.99583 1.70432 3 0 2.84413 1.30857 1.82463 0.800333 1.82463 0.800333 1.0625 1.69443 0.53125 0.847215 1.82463 0.800333 1.99583 1.70432 1.0625 1.69443 2 0 1.82463 0.800333 1 0 1 0 0.53125 0.847215 0 0 1.82463 0.800333 0.53125 0.847215 1 0 
ts 4.5 5.80947 4.25 6.77772 3.71875 5.93051 4.75 4.84123 4.5 5.80947 3.99131 5.10788 3.99131 5.10788 3.71875 5.93051 3.1875 5.08329 4.5 5.80947 3.71875 5.93051 3.99131 5.10788 4.75 4.84123 3.99131 5.10788 3.84454 4.15898 5 3.87298 4.75 4.84123 3.84454 4.15898 3.84454 4.15898 3.1875 5.08329 2.65625 4.23608 3.84454 4.15898 3.99131 5.10788 3.1875 5.08329 5.25 2.90474 5 3.87298 4.21352 3.09255 4.21352 3.09255 3.84454 4.15898 3.17247 3.26218 3.17247 3.26218 2.65625 4.23608 2.125 3.38886 5 3.87298 3.84454 4.15898 4.21352 3.09255 3.84454 4.15898 2.65625 4.23608 3.17247 3.26218 5.5 1.93649 5.25 2.90474 4.50198 2.05005 4.50198 2.05005 4.21352 3.09255 3.52908 2.20746 3.52908 2.20746 3.17247 3.26218 2.57739 2.4107 2.57739 2.4107 2.125 3.38886 1.59375 2.54165 5.25 2.90474 4.21352 3.09255 4.50198 2.05005 4.21352 3.09255 3.17247 3.26218 3.52908 2.20746 3.17247 3.26218 2.125 3.38886 2.57739 2.4107 5.75 0.968246 5.5 1.93649 4.74683 1.01261 4.74683 1.01261 4.50198 2.05005 3.76207 1.09646 3.76207 1.09646 3.52908 2.20746 2.82732 1.30563 2.82732 1.30563 2.57739 2.4107 1.99022 1.71458 1.99022 1.71458 1.59375 2.54165 1.0625 1.69443 5.5 1.93649 4.50198 2.05005 4.74683 1.01261 4.50198 2.05005 3.52908 2.20746 3.76207 1.09646 3.52908 2.20746 2.57739 2.4107 2.82732 1.30563 2.57739 2.4107 1.59375 2.54165 1.99022 1.71458 5 0 5.75 0.968246 4.74683 1.01261 5 0 6 0 5.75 0.968246 4 0 4.74683 1.01261 3.76207 1.09646 4 0 5 0 4.74683 1.01261 3 0 3.76207 1.09646 2.82732 1.30563 3 0 4 0 3.76207 1.09646 2 0 3 0 1.81648 0.804695 1.81648 0.804695 2.82732 1.30563 1.99022 1.71458 3 0 2.82732 1.30563 1.81648 0.804695 1.81648 0.804695 1.0625 1.69443 0.53125 0.847215 1.81648 0.804695 1.99022 1.71458 1.0625 1.69443 2 0 1.81648 0.804695 1 0 1 0 0.53125 0.847215 0 0 1.81648 0.804695 0.53125 0.847215 1 0 
ts 4.5 5.80947 4.25 6.77772 3.71875 5.93051 4.75 4.84123 4.5 5.80947 3.99232 5.11438 3.99232 5.11438 3.71875 5.93051 3.1875 5.08329 4.5 5.80947 3.71875 5.93051 3.99232 5.11438 4.75 4.84123 3.99232 5.11438 3.84566 4.16444 5 3.87298 4.75 4.84123 3.84566 4.16444 3.84566 4.16444 3.1875 5.08329 2.65625 4.23608 3.84566 4.16444 3.99232 5.11438 3.1875 5.08329 5.25 2.90474 5 3.87298 4.21192 3.09182 4.21192 3.09182 3.84566 4.16444 3.17406 3.26433 3.17406 3.26433 2.65625 4.23608 2.125 3.38886 5 3.87298 3.84566 4.16444 4.21192 3.09182 3.84566 4.16444 2.65625 4.23608 3.17406 3.26433 5.5 1.93649 5.25 2.90474 4.49642 2.04368 4.49642 2.04368 4.21192 3.09182 3.52349 2.20251 3.52349 2.20251 3.17406 3.26433 2.57626 2.41277 2.57626 2.41277 2.125 3.38886 1.59375 2.54165 5.25 2.90474 4.21192 3.09182 4.49642 2.04368 4.21192 3.09182 3.17406 3.26433 3.52349 2.20251 3.17406 3.26433 2.125 3.38886 2.57626 2.41277 5.75 0.968246 5.5 1.93649 4.74315 1.00853 4.74315 1.00853 4.49642 2.04368 3.75295 1.08988 3.75295 1.08988 3.52349 2.20251 2.81594 1.30454 2.81594 1.30454 2.57626 2.41277 1.98555 1.7204 1.98555 1.7204 1.59375 2.54165 1.0625 1.69443 5.5 1.93649 4.49642 2.04368 4.74315 1.00853 4.49642 2.04368 3.52349 2.20251 3.75295 1.08988 3.52349 2.20251 2.57626 2.41277 2.81594 1.30454 2.57626 2.41277 1.59375 2.54165 1.98555 1.7204 5 0 5.75 0.968246 4.74315 1.00853 5 0 6 0 5.75 0.968246 4 0 4.74315 1.00853 3.75295 1.08988 4 0 5 0 4.74315 1.00853 3 0 3.75295 1.08988 2.81594 1.30454 3 0 4 0 3.75295 1.08988 2 0 3 0 1.81174 0.807121 1.81174 0.807121 2.81594 1.30454 1.98555 1.7204 3 0 2.81594 1.30454 1.81174 0.807121 1.81174 0.807121 1.0625 1.69443 0.53125 0.847215 1.81174 0.807121 1.98555 1.7204 1.0625 1.69443 2 0 1.81174 0.807121 1 0 1 0 0.53125 0.847215 0 0 1.81174 0.807121 0.53125 0.847215 1 0 
ts 4.5 5.80947 4.25 6.77772 3.71875 5.93051 4.75 4.84123 4.5 5.80947 3.99289 5.11798 3.99289 5.11798 3.71875 5.93051 3.1875 5.08329 4.5 5.80947 3.71875 5.93051 3.99289 5.11798 4.75 4.84123 3.99289 5.11798 3.84631 4.16731 5 3.87298 4.75 4.84123 3.84631 4.16731 3.84631 4.16731 3.1875 5.08329 2.65625 4.23608 3.84631 4.16731 3.99289 5.11798 3.1875 5.08329 5.25 2.90474 5 3.87298 4.21053 3.09078 4.21053 3.09078 3.84631 4.16731 3.17464 3.26536 3.17464 3.26536 2.65625 4.23608 2.125 3.38886 5 3.87298 3.84631 4.16731 4.21053 3.09078 3.84631 4.16731 2.65625 4.23608 3.17464 3.26536 5.5 1.93649 5.25 2.90474 4.49228 2.03954 4.49228 2.03954 4.21053 3.09078 3.51886 2.19936 3.51886 2.19936 3.17464 3.26536 2.57455 2.41405 2.57455 2.41405 2.125 3.38886 1.59375 2.54165 5.25 2.90474 4.21053 3.09078 4.49228 2.03954 4.21053 3.09078 3.17464 3.26536 3.51886 2.19936 3.17464 3.26536 2.125 3.38886 2.57455 2.41405 5.75 0.968246 5.5 1.93649 4.7405 1.00615 4.7405 1.00615 4.49228 2.03954 3.74645 1.08597 3.74645 1.08597 3.51886 2.19936 2.80801 1.30412 2.80801 1.30412 2.57455 2.41405 1.98185 1.72377 1.98185 1.72377 1.59375 2.54165 1.0625 1.69443 5.5 1.93649 4.49228 2.03954 4.7405 1.00615 4.49228 2.03954 3.51886 2.19936 3.74645 1.08597 3.51886 2.19936 2.57455 2.41405 2.80801 1.30412 2.57455 2.41405 1.59375 2.54165 1.98185 1.72377 5 0 5.75 0.968246 4.7405 1.00615 5 0 6 0 5.75 0.968246 4 0 4.7405 1.00615 3.74645 1.08597 4 0 5 0 4.7405 1.00615 3 0 3.74645 1.08597 2.80801 1.30412 3 0 4 0 3.74645 1.08597 2 0 3 0 1.80873 0.808491 1.80873 0.808491 2.80801 1.30412 1.98185 1.72377 3 0 2.80801 1.30412 1.80873 0.808491 1.80873 0.808491 1.0625 1.69443 0.53125 0.847215 1.80873 0.808491 1.98185 1.72377 1.0625 1.69443 2 0 1.80873 0.808491 1 0 1 0 0.53125 0.847215 0 0 1.80873 0.808491 0.53125 0.847215 1 0 
ts 4.5 5.80947 4.25 6.77772 3.71875 5.93051 4.75 4.84123 4.5 5.80947 3.9932 5.11995 3.9932 5.11995 3.71875 5.93051 3.1875 5.08329 4.5 5.80947 3.71875 5.93051 3.9932 5.11995 4.75 4.84123 3.9932 5.11995 3.84663 4.16874 5 3.87298 4.75 4.84123 3.84663 4.16874 3.84663 4.16874 3.1875 5.08329 2.65625 4.23608 3.84663 4.16874 3.9932 5.11995 3.1875 5.08329 5.25 2.90474 5 3.87298 4.20932 3.08976 4.20932 3.08976 3.84663 4.16874 3.17461 3.26578 3.17461 3.26578 2.65625 4.23608 2.125 3.38886 5 3.87298 3.84663 4.16874 4.20932 3.08976 3.84663 4.16874 2.65625 4.23608 3.17461 3.26578 5.5 1.93649 5.25 2.90474 4.4892 2.03685 4.4892 2.03685 4.20932 3.08976 3.5151 2.19731 3.5151 2.19731 3.17461 3.26578 2.57275 2.41477 2.57275 2.41477 2.125 3.38886 1.59375 2.54165 5.25 2.90474 4.20932 3.08976 4.4892 2.03685 4.20932 3.08976 3.17461 3.26578 3.5151 2.19731 3.17461 3.26578 2.125 3.38886 2.57275 2.41477 5.75 0.968246 5.5 1.93649 4.73854 1.00475 4.73854 1.00475 4.4892 2.03685 3.74176 1.0836 3.74176 1.0836 3.5151 2.19731 2.80233 1.30394 2.80233 1.30394 2.57275 2.41477 1.97896 1.72575 1.97896 1.72575 1.59375 2.54165 1.0625 1.69443 5.5 1.93649 4.4892 2.03685 4.73854 1.00475 4.4892 2.03685 3.5151 2.19731 3.74176 1.0836 3.5151 2.19731 2.57275 2.41477 2.80233 1.30394 2.57275 2.41477 1.59375 2.54165 1.97896 1.72575 5 0 5.75 0.968246 4.73854 1.00475 5 0 6 0 5.75 0.968246 4 0 4.73854 1.00475 3.74176 1.0836 4 0 5 0 4.73854 1.00475 3 0 3.74176 1.0836 2.80233 1.30394 3 0 4 0 3.74176 1.0836 2 0 3 0 1.80669 0.809269 1.80669 0.809269 2.80233 1.30394 1.97896 1.72575 3 0 2.80233 1.30394 1.80669 0.809269 1.80669 0.809269 1.0625 1.69443 0.53125 0.847215 1.80669 0.809269 1.97896 1.72575 1.0625 1.69443 2 0 1.80669 0.809269 1 0 1 0 0.53125 0.847215 0 0 1.80669 0.809269 0.53125 0.847215 1 0 
ts 4.5 5.80947 4.25 6.77772 3.71875 5.93051 4.75 4.84123 4.5 5.80947 3.99337 5.121 3.99337 5.121 3.71875 5.93051 3.1875 5.08329 4.5 5.80947 3.71875 5.93051 3.99337 5.121 4.75 4.84123 3.99337 5.121 3.84675 4.1694 5 3.87298 4.75 4.84123 3.84675 4.1694 3.84675 4.1694 3.1875 5.08329 2.65625 4.23608 3.84675 4.1694 3.99337 5.121 3.1875 5.08329 5.25 2.90474 5 3.87298 4.20828 3.0889 4.20828 3.0889 3.84675 4.1694 3.17425 3.26586 3.17425 3.26586 2.65625 4.23608 2.125 3.38886 5 3.87298 3.84675 4.1694 4.20828 3.0889 3.84675 4.1694 2.65625 4.23608 3.17425 3.26586 5.5 1.93649 5.25 2.90474 4.48687 2.03511 4.48687 2.03511 4.20828 3.0889 3.51206 2.19593 3.51206 2.19593 3.17425 3.26586 2.57108 2.41513 2.57108 2.41513 2.125 3.38886 1.59375 2.54165 5.25 2.90474 4.20828 3.0889 4.48687 2.03511 4.20828 3.0889 3.17425 3.26586 3.51206 2.19593 3.17425 3.26586 2.125 3.38886 2.57108 2.41513 5.75 0.968246 5.5 1.93649 4.73708 1.00393 4.73708 1.00393 4.48687 2.03511 3.73835 1.08215 3.73835 1.08215 3.51206 2.19593 2.79819 1.30381 2.79819 1.30381 2.57108 2.41513 1.9767 1.72691 1.9767 1.72691 1.59375 2.54165 1.0625 1.69443 5.5 1.93649 4.48687 2.03511 4.73708 1.00393 4.48687 2.03511 3.51206 2.19593 3.73835 1.08215 3.51206 2.19593 2.57108 2.41513 2.79819 1.30381 2.57108 2.41513 1.59375 2.54165 1.9767 1.72691 5 0 5.75 0.968246 4.73708 1.00393 5 0 6 0 5.75 0.968246 4 0 4.73708 1.00393 3.73835 1.08215 4 0 5 0 4.73708 1.00393 3 0 3.73835 1.08215 2.79819 1.30381 3 0 4 0 3.73835 1.08215 2 0 3 0 1.80524 0.80971 1.80524 0.80971 2.79819 1.30381 1.9767 1.72691 3 0 2.79819 1.30381 1.80524 0.80971 1.80524 0.80971 1.0625 1.69443 0.53125 0.847215 1.80524 0.80971 1.9767 1.72691 1.0625 1.69443 2 0 1.80524 0.80971 1 0 1 0 0.53125 0.847215 0 0 1.80524 0.80971 0.53125 0.847215 1 0 
ts 4.5 5.80947 4.25 6.77772 3.71875 5.93051 4.75 4.84123 4.5 5.80947 3.99346 5.12154 3.99346 5.12154 3.71875 5.93051 3.1875 5.08329 4.5 5.80947 3.71875 5.93051 3.99346 5.12154 4.75 4.84123 3.99346 5.12154 3.84674 4.16966 5 3.87298 4.75 4.84123 3.84674 4.16966 3.84674 4.16966 3.1875 5.08329 2.65625 4.23608 3.84674 4.16966 3.99346 5.12154 3.1875 5.08329 5.25 2.90474 5 3.87298 4.20737 3.08819 4.20737 3.08819 3.84674 4.16966 3.17375 3.26577 3.17375 3.26577 2.65625 4.23608 2.125 3.38886 5 3.87298 3.84674 4.16966 4.20737 3.08819 3.84674 4.16966 2.65625 4.23608 3.17375 3.26577 5.5 1.93649 5.25 2.90474 4.4851 2.03397 4.4851 2.03397 4.20737 3.08819 3.50963 2.19498 3.50963 2.19498 3.17375 3.26577 2.56962 2.41528 2.56962 2.41528 2.125 3.38886 1.59375 2.54165 5.25 2.90474 4.20737 3.08819 4.4851 2.03397 4.20737 3.08819 3.17375 3.26577 3.50963 2.19498 3.17375 3.26577 2.125 3.38886 2.56962 2.41528 5.75 0.968246 5.5 1.93649 4.73598 1.00345 4.73598 1.00345 4.4851 2.03397 3.73583 1.08124 3.73583 1.08124 3.50963 2.19498 2.79513 1.30371 2.79513 1.30371 2.56962 2.41528 1.97494 1.72758 1.97494 1.72758 1.59375 2.54165 1.0625 1.69443 5.5 1.93649 4.4851 2.03397 4.73598 1.00345 4.4851 2.03397 3.50963 2.19498 3.73583 1.08124 3.50963 2.19498 2.56962 2.41528 2.79513 1.30371 2.56962 2.41528 1.59375 2.54165 1.97494 1.72758 5 0 5.75 0.968246 4.73598 1.00345 5 0 6 0 5.75 0.968246 4 0 4.73598 1.00345 3.73583 1.08124 4 0 5 0 4.73598 1.00345 3 0 3.73583 1.08124 2.79513 1.30371 3 0 4 0 3.73583 1.08124 2 0 3 0 1.80419 0.809952 1.80419 0.809952 2.79513 1.30371 1.97494 1.72758 3 0 2.79513 1.30371 1.80419 0.809952 1.80419 0.809952 1.0625 1.69443 0.53125 0.847215 1.80419 0.809952 1.97494 1.72758 1.0625 1.69443 2 0 1.80419 0.809952 1 0 1 0 0.53125 0.847215 0 0 1.80419 0.809952 0.53125 0.847215 1 0 
ts 4.5 5.80947 4.25 6.77772 3.71875 5.93051 4.75 4.84123 4.5 5.80947 3.9935 5.12179 3.9935 5.12179 3.71875 5.93051 3.1875 5.08329 4.5 5.80947 3.71875 5.93051 3.9935 5.12179 4.75 4.84123 3.9935 5.12179 3.84667 4.16971 5 3.87298 4.75 4.84123 3.84667 4.16971 3.84667 4.16971 3.1875 5.08329 2.65625 4.23608 3.84667 4.16971 3.9935 5.12179 3.1875 5.08329 5.25 2.90474 5 3.87298 4.2066 3.08764 4.2066 3.08764 3.84667 4.16971 3.17321 3.26561 3.17321 3.26561 2.65625 4.23608 2.125 3.38886 5 3.87298 3.84667 4.16971 4.2066 3.08764 3.84667 4.16971 2.65625 4.23608 3.17321 3.26561 5.5 1.93649 5.25 2.90474 4.48375 2.03322 4.48375 2.03322 4.2066 3.08764 3.50768 2.1943 3.50768 2.1943 3.17321 3.26561 2.56838 2.41529 2.56838 2.41529 2.125 3.38886 1.59375 2.54165 5.25 2.90474 4.2066 3.08764 4.48375 2.03322 4.2066 3.08764 3.17321 3.26561 3.50768 2.1943 3.17321 3.26561 2.125 3.38886 2.56838 2.41529 5.75 0.968246 5.5 1.93649 4.73514 1.00318 4.73514 1.00318 4.48375 2.03322 3.73396 1.08066 3.73396 1.08066 3.50768 2.1943 2.79283 1.30359 2.79283 1.30359 2.56838 2.41529 1.97355 1.72796 1.97355 1.72796 1.59375 2.54165 1.0625 1.69443 5.5 1.93649 4.48375 2.03322 4.73514 1.00318 4.48375 2.03322 3.50768 2.1943 3.73396 1.08066 3.50768 2.1943 2.56838 2.41529 2.79283 1.30359 2.56838 2.41529 1.59375 2.54165 1.97355 1.72796 5 0 5.75 0.968246 4.73514 1.00318 5 0 6 0 5.75 0.968246 4 0 4.73514 1.00318 3.73396 1.08066 4 0 5 0 4.73514 1.00318 3 0 3.73396 1.08066 2.79283 1.30359 3 0 4 0 3.73396 1.08066 2 0 3 0 1.8034 0.810078 1.8034 0.810078 2.79283 1.30359 1.97355 1.72796 3 0 2.79283 1.30359 1.8034 0.810078 1.8034 0.810078 1.0625 1.69443 0.53125 0.847215 1.8034 0.810078 1.97355 1.72796 1.0625 1.69443 2 0 1.8034 0.810078 1 0 1 0 0.53125 0.847215 0 0 1.8034 0.810078 0.53125 0.847215 1 0 
