ts 0 0 5 0 3.8 5.87878 
ls 5 0 3.8 5.87878 3.8 5.87878 0 0 
ps 3.8 5.87878 4 4.89898 4.2 3.91918 4.4 2.93939 4.6 1.95959 4.8 0.979796 5 0 3.8 5.87878 3.25714 5.03895 2.71429 4.19913 2.17143 3.3593 1.62857 2.51948 1.08571 1.67965 0.542857 0.839825 0 0 
poly 4 4.89898 3.25714 5.03895 0 0 5 0 
poly 4 4.89898 3.25714 5.03895 2.71429 4.19913 4.2 3.91918 
ps 4 4.89898 3.25714 5.03895 4.2 3.91918 3.45714 4.05915 2.71429 4.19913 
ts 4.2 3.91918 4 4.89898 3.45714 4.05915 3.45714 4.05915 3.25714 5.03895 2.71429 4.19913 4 4.89898 3.25714 5.03895 3.45714 4.05915 
poly 4.2 3.91918 2.71429 4.19913 2.17143 3.3593 4.4 2.93939 
ps 4.2 3.91918 3.45714 4.05915 2.71429 4.19913 4.4 2.93939 3.28571 3.14934 2.17143 3.3593 
ts 4.2 3.91918 3.45714 4.05915 3.28571 3.14934 4.4 2.93939 4.2 3.91918 3.28571 3.14934 3.28571 3.14934 2.71429 4.19913 2.17143 3.3593 3.28571 3.14934 3.45714 4.05915 2.71429 4.19913 
poly 4.4 2.93939 2.17143 3.3593 1.62857 2.51948 4.6 1.95959 
ps 4.4 2.93939 3.28571 3.14934 2.17143 3.3593 4.6 1.95959 3.60952 2.14622 2.61905 2.33285 1.62857 2.51948 
ts 4.6 1.95959 4.4 2.93939 3.60952 2.14622 3.60952 2.14622 3.28571 3.14934 2.61905 2.33285 2.61905 2.33285 2.17143 3.3593 1.62857 2.51948 4.4 2.93939 3.28571 3.14934 3.60952 2.14622 3.28571 3.14934 2.17143 3.3593 2.61905 2.33285 
poly 4.6 1.95959 1.62857 2.51948 1.08571 1.67965 4.8 0.979796 
ps 4.6 1.95959 3.60952 2.14622 2.61905 2.33285 1.62857 2.51948 4.8 0.979796 3.87143 1.15476 2.94286 1.32972 2.01429 1.50469 1.08571 1.67965 
ts 4.8 0.979796 4.6 1.95959 3.87143 1.15476 3.87143 1.15476 3.60952 2.14622 2.94286 1.32972 2.94286 1.32972 2.61905 2.33285 2.01429 1.50469 2.01429 1.50469 1.62857 2.51948 1.08571 1.67965 4.6 1.95959 3.60952 2.14622 3.87143 1.15476 3.60952 2.14622 2.61905 2.33285 2.94286 1.32972 2.61905 2.33285 1.62857 2.51948 2.01429 1.50469 
poly 5 0 4.8 0.979796 1.08571 1.67965 0 0 
poly 5 0 4.8 0.979796 3.87143 1.15476 4 0 
ps 5 0 4.8 0.979796 4 0 3.87143 1.15476 
ts 4 0 4.8 0.979796 3.87143 1.15476 4 0 5 0 4.8 0.979796 
poly 4 0 3.87143 1.15476 2.94286 1.32972 3 0 
ps 4 0 3.87143 1.15476 3 0 2.94286 1.32972 
ts 3 0 3.87143 1.15476 2.94286 1.32972 3 0 4 0 3.87143 1.15476 
poly 3 0 2.94286 1.32972 2.01429 1.50469 2 0 
ps 3 0 2.94286 1.32972 2 0 2.00714 0.752343 2.01429 1.50469 
ts 2 0 3 0 2.00714 0.752343 2.00714 0.752343 2.94286 1.32972 2.01429 1.50469 3 0 2.94286 1.32972 2.00714 0.752343 
poly 2.01429 1.50469 1.08571 1.67965 0 0 2 0 
poly 2.01429 1.50469 1.08571 1.67965 0.542857 0.839825 2.00714 0.752343 
ps 2.01429 1.50469 1.08571 1.67965 2.00714 0.752343 0.542857 0.839825 
ts 2.00714 0.752343 1.08571 1.67965 0.542857 0.839825 2.00714 0.752343 2.01429 1.50469 1.08571 1.67965 
poly 2.00714 0.752343 0.542857 0.839825 0 0 2 0 
ps 2.00714 0.752343 0.542857 0.839825 2 0 1 0 0 0 
ts 2 0 2.00714 0.752343 1 0 1 0 0.542857 0.839825 0 0 2.00714 0.752343 0.542857 0.839825 1 0 
