ts 0 0 5 0 3.8 5.87878 
ls 5 0 3.8 5.87878 3.8 5.87878 0 0 
ps 3.8 5.87878 4 4.89898 4.2 3.91918 4.4 2.93939 4.6 1.95959 4.8 0.979796 5 0 3.8 5.87878 3.25714 5.03895 2.71429 4.19913 2.17143 3.3593 1.62857 2.51948 1.08571 1.67965 0.542857 0.839825 0 0 
poly 4 4.89898 3.25714 5.03895 0 0 5 0 
poly 4 4.89898 3.25714 5.03895 2.71429 4.19913 4.2 3.91918 
ps 4 4.89898 3.25714 5.03895 4.2 3.91918 3.45714 4.05915 2.71429 4.19913 
ts 4.2 3.91918 4 4.89898 3.45714 4.05915 3.45714 4.05915 3.25714 5.03895 2.71429 4.19913 4 4.89898 3.25714 5.03895 3.45714 4.05915 
poly 4.2 3.91918 2.71429 4.19913 2.17143 3.3593 4.4 2.93939 
ps 4.2 3.91918 3.45714 4.05915 2.71429 4.19913 4.4 2.93939 3.28571 3.14934 2.17143 3.3593 
ts 4.2 3.91918 3.45714 4.05915 3.28571 3.14934 4.4 2.93939 4.2 3.91918 3.28571 3.14934 3.28571 3.14934 2.71429 4.19913 2.17143 3.3593 3.28571 3.14934 3.45714 4.05915 2.71429 4.19913 
poly 4.4 2.93939 2.17143 3.3593 1.62857 2.51948 4.6 1.95959 
ps 4.4 2.93939 3.28571 3.14934 2.17143 3.3593 4.6 1.95959 3.60952 2.14622 2.61905 2.33285 1.62857 2.51948 
ts 4.6 1.95959 4.4 2.93939 3.60952 2.14622 3.60952 2.14622 3.28571 3.14934 2.61905 2.33285 2.61905 2.33285 2.17143 3.3593 1.62857 2.51948 4.4 2.93939 3.28571 3.14934 3.60952 2.14622 3.28571 3.14934 2.17143 3.3593 2.61905 2.33285 
poly 4.6 1.95959 1.62857 2.51948 1.08571 1.67965 4.8 0.979796 
ps 4.6 1.95959 3.60952 2.14622 2.61905 2.33285 1.62857 2.51948 4.8 0.979796 3.87143 1.15476 2.94286 1.32972 2.01429 1.50469 1.08571 1.67965 
ts 4.8 0.979796 4.6 1.95959 3.87143 1.15476 3.87143 1.15476 3.60952 2.14622 2.94286 1.32972 2.94286 1.32972 2.61905 2.33285 2.01429 1.50469 2.01429 1.50469 1.62857 2.51948 1.08571 1.67965 4.6 1.95959 3.60952 2.14622 3.87143 1.15476 3.60952 2.14622 2.61905 2.33285 2.94286 1.32972 2.61905 2.33285 1.62857 2.51948 2.01429 1.50469 
poly 5 0 4.8 0.979796 1.08571 1.67965 0 0 
poly 5 0 4.8 0.979796 3.87143 1.15476 4 0 
ps 5 0 4.8 0.979796 4 0 3.87143 1.15476 
ts 4 0 4.8 0.979796 3.87143 1.15476 4 0 5 0 4.8 0.979796 
poly 4 0 3.87143 1.15476 2.94286 1.32972 3 0 
ps 4 0 3.87143 1.15476 3 0 2.94286 1.32972 
ts 3 0 3.87143 1.15476 2.94286 1.32972 3 0 4 0 3.87143 1.15476 
poly 3 0 2.94286 1.32972 2.01429 1.50469 2 0 
ps 3 0 2.94286 1.32972 2 0 2.00714 0.752343 2.01429 1.50469 
ts 2 0 3 0 2.00714 0.752343 2.00714 0.752343 2.94286 1.32972 2.01429 1.50469 3 0 2.94286 1.32972 2.00714 0.752343 
poly 2.01429 1.50469 1.08571 1.67965 0 0 2 0 
poly 2.01429 1.50469 1.08571 1.67965 0.542857 0.839825 2.00714 0.752343 
ps 2.01429 1.50469 1.08571 1.67965 2.00714 0.752343 0.542857 0.839825 
ts 2.00714 0.752343 1.08571 1.67965 0.542857 0.839825 2.00714 0.752343 2.01429 1.50469 1.08571 1.67965 
poly 2.00714 0.752343 0.542857 0.839825 0 0 2 0 
ps 2.00714 0.752343 0.542857 0.839825 2 0 1 0 0 0 
ts 2 0 2.00714 0.752343 1 0 1 0 0.542857 0.839825 0 0 2.00714 0.752343 0.542857 0.839825 1 0 
ts 4 4.89898 3.8 5.87878 3.25714 5.03895 4.2 3.91918 4 4.89898 3.45714 4.05915 3.45714 4.05915 3.25714 5.03895 2.71429 4.19913 4 4.89898 3.25714 5.03895 3.45714 4.05915 4.2 3.91918 3.45714 4.05915 3.28571 3.14934 4.4 2.93939 4.2 3.91918 3.28571 3.14934 3.28571 3.14934 2.71429 4.19913 2.17143 3.3593 3.28571 3.14934 3.45714 4.05915 2.71429 4.19913 4.6 1.95959 4.4 2.93939 3.60952 2.14622 3.60952 2.14622 3.28571 3.14934 2.61905 2.33285 2.61905 2.33285 2.17143 3.3593 1.62857 2.51948 4.4 2.93939 3.28571 3.14934 3.60952 2.14622 3.28571 3.14934 2.17143 3.3593 2.61905 2.33285 4.8 0.979796 4.6 1.95959 3.87143 1.15476 3.87143 1.15476 3.60952 2.14622 2.94286 1.32972 2.94286 1.32972 2.61905 2.33285 2.01429 1.50469 2.01429 1.50469 1.62857 2.51948 1.08571 1.67965 4.6 1.95959 3.60952 2.14622 3.87143 1.15476 3.60952 2.14622 2.61905 2.33285 2.94286 1.32972 2.61905 2.33285 1.62857 2.51948 2.01429 1.50469 4 0 4.8 0.979796 3.87143 1.15476 4 0 5 0 4.8 0.979796 3 0 3.87143 1.15476 2.94286 1.32972 3 0 4 0 3.87143 1.15476 2 0 3 0 2.00714 0.752343 2.00714 0.752343 2.94286 1.32972 2.01429 1.50469 3 0 2.94286 1.32972 2.00714 0.752343 2.00714 0.752343 1.08571 1.67965 0.542857 0.839825 2.00714 0.752343 2.01429 1.50469 1.08571 1.67965 2 0 2.00714 0.752343 1 0 1 0 0.542857 0.839825 0 0 2.00714 0.752343 0.542857 0.839825 1 0 
cvt
ts 4 4.89898 3.8 5.87878 3.25714 5.03895 4.2 3.91918 4 4.89898 3.47143 4.13497 3.47143 4.13497 3.25714 5.03895 2.71429 4.19913 4 4.89898 3.25714 5.03895 3.47143 4.13497 4.2 3.91918 3.47143 4.13497 3.29524 3.19989 4.4 2.93939 4.2 3.91918 3.29524 3.19989 3.29524 3.19989 2.71429 4.19913 2.17143 3.3593 3.29524 3.19989 3.47143 4.13497 2.71429 4.19913 4.6 1.95959 4.4 2.93939 3.61647 2.15472 3.61647 2.15472 3.29524 3.19989 2.61567 2.3433 2.61567 2.3433 2.17143 3.3593 1.62857 2.51948 4.4 2.93939 3.29524 3.19989 3.61647 2.15472 3.29524 3.19989 2.17143 3.3593 2.61567 2.3433 4.8 0.979796 4.6 1.95959 3.82762 1.08977 3.82762 1.08977 3.61647 2.15472 2.91751 1.28504 2.91751 1.28504 2.61567 2.3433 2.0213 1.60995 2.0213 1.60995 1.62857 2.51948 1.08571 1.67965 4.6 1.95959 3.61647 2.15472 3.82762 1.08977 3.61647 2.15472 2.61567 2.3433 2.91751 1.28504 2.61567 2.3433 1.62857 2.51948 2.0213 1.60995 4 0 4.8 0.979796 3.82762 1.08977 4 0 5 0 4.8 0.979796 3 0 3.82762 1.08977 2.91751 1.28504 3 0 4 0 3.82762 1.08977 2 0 3 0 1.87918 0.758696 1.87918 0.758696 2.91751 1.28504 2.0213 1.60995 3 0 2.91751 1.28504 1.87918 0.758696 1.87918 0.758696 1.08571 1.67965 0.542857 0.839825 1.87918 0.758696 2.0213 1.60995 1.08571 1.67965 2 0 1.87918 0.758696 1 0 1 0 0.542857 0.839825 0 0 1.87918 0.758696 0.542857 0.839825 1 0 
ts 4 4.89898 3.8 5.87878 3.25714 5.03895 4.2 3.91918 4 4.89898 3.479 4.17514 3.479 4.17514 3.25714 5.03895 2.71429 4.19913 4 4.89898 3.25714 5.03895 3.479 4.17514 4.2 3.91918 3.479 4.17514 3.30067 3.22874 4.4 2.93939 4.2 3.91918 3.30067 3.22874 3.30067 3.22874 2.71429 4.19913 2.17143 3.3593 3.30067 3.22874 3.479 4.17514 2.71429 4.19913 4.6 1.95959 4.4 2.93939 3.6117 2.15002 3.6117 2.15002 3.30067 3.22874 2.62685 2.36035 2.62685 2.36035 2.17143 3.3593 1.62857 2.51948 4.4 2.93939 3.30067 3.22874 3.6117 2.15002 3.30067 3.22874 2.17143 3.3593 2.62685 2.36035 4.8 0.979796 4.6 1.95959 3.81137 1.06571 3.81137 1.06571 3.6117 2.15002 2.88318 1.27083 2.88318 1.27083 2.62685 2.36035 2.02211 1.65313 2.02211 1.65313 1.62857 2.51948 1.08571 1.67965 4.6 1.95959 3.6117 2.15002 3.81137 1.06571 3.6117 2.15002 2.62685 2.36035 2.88318 1.27083 2.62685 2.36035 1.62857 2.51948 2.02211 1.65313 4 0 4.8 0.979796 3.81137 1.06571 4 0 5 0 4.8 0.979796 3 0 3.81137 1.06571 2.88318 1.27083 3 0 4 0 3.81137 1.06571 2 0 3 0 1.8431 0.774369 1.8431 0.774369 2.88318 1.27083 2.02211 1.65313 3 0 2.88318 1.27083 1.8431 0.774369 1.8431 0.774369 1.08571 1.67965 0.542857 0.839825 1.8431 0.774369 2.02211 1.65313 1.08571 1.67965 2 0 1.8431 0.774369 1 0 1 0 0.542857 0.839825 0 0 1.8431 0.774369 0.542857 0.839825 1 0 
ts 4 4.89898 3.8 5.87878 3.25714 5.03895 4.2 3.91918 4 4.89898 3.48304 4.19661 3.48304 4.19661 3.25714 5.03895 2.71429 4.19913 4 4.89898 3.25714 5.03895 3.48304 4.19661 4.2 3.91918 3.48304 4.19661 3.30521 3.24529 4.4 2.93939 4.2 3.91918 3.30521 3.24529 3.30521 3.24529 2.71429 4.19913 2.17143 3.3593 3.30521 3.24529 3.48304 4.19661 2.71429 4.19913 4.6 1.95959 4.4 2.93939 3.6065 2.14701 3.6065 2.14701 3.30521 3.24529 2.63322 2.37303 2.63322 2.37303 2.17143 3.3593 1.62857 2.51948 4.4 2.93939 3.30521 3.24529 3.6065 2.14701 3.30521 3.24529 2.17143 3.3593 2.63322 2.37303 4.8 0.979796 4.6 1.95959 3.80107 1.05662 3.80107 1.05662 3.6065 2.14701 2.86232 1.26949 2.86232 1.26949 2.63322 2.37303 2.01949 1.67626 2.01949 1.67626 1.62857 2.51948 1.08571 1.67965 4.6 1.95959 3.6065 2.14701 3.80107 1.05662 3.6065 2.14701 2.63322 2.37303 2.86232 1.26949 2.63322 2.37303 1.62857 2.51948 2.01949 1.67626 4 0 4.8 0.979796 3.80107 1.05662 4 0 5 0 4.8 0.979796 3 0 3.80107 1.05662 2.86232 1.26949 3 0 4 0 3.80107 1.05662 2 0 3 0 1.82917 0.784354 1.82917 0.784354 2.86232 1.26949 2.01949 1.67626 3 0 2.86232 1.26949 1.82917 0.784354 1.82917 0.784354 1.08571 1.67965 0.542857 0.839825 1.82917 0.784354 2.01949 1.67626 1.08571 1.67965 2 0 1.82917 0.784354 1 0 1 0 0.542857 0.839825 0 0 1.82917 0.784354 0.542857 0.839825 1 0 
ts 4 4.89898 3.8 5.87878 3.25714 5.03895 4.2 3.91918 4 4.89898 3.48527 4.20828 3.48527 4.20828 3.25714 5.03895 2.71429 4.19913 4 4.89898 3.25714 5.03895 3.48527 4.20828 4.2 3.91918 3.48527 4.20828 3.30821 3.25485 4.4 2.93939 4.2 3.91918 3.30821 3.25485 3.30821 3.25485 2.71429 4.19913 2.17143 3.3593 3.30821 3.25485 3.48527 4.20828 2.71429 4.19913 4.6 1.95959 4.4 2.93939 3.60271 2.1468 3.60271 2.1468 3.30821 3.25485 2.63578 2.38204 2.63578 2.38204 2.17143 3.3593 1.62857 2.51948 4.4 2.93939 3.30821 3.25485 3.60271 2.1468 3.30821 3.25485 2.17143 3.3593 2.63578 2.38204 4.8 0.979796 4.6 1.95959 3.79422 1.05357 3.79422 1.05357 3.60271 2.1468 2.84997 1.27215 2.84997 1.27215 2.63578 2.38204 2.01675 1.68998 2.01675 1.68998 1.62857 2.51948 1.08571 1.67965 4.6 1.95959 3.60271 2.1468 3.79422 1.05357 3.60271 2.1468 2.63578 2.38204 2.84997 1.27215 2.63578 2.38204 1.62857 2.51948 2.01675 1.68998 4 0 4.8 0.979796 3.79422 1.05357 4 0 5 0 4.8 0.979796 3 0 3.79422 1.05357 2.84997 1.27215 3 0 4 0 3.79422 1.05357 2 0 3 0 1.82293 0.790462 1.82293 0.790462 2.84997 1.27215 2.01675 1.68998 3 0 2.84997 1.27215 1.82293 0.790462 1.82293 0.790462 1.08571 1.67965 0.542857 0.839825 1.82293 0.790462 2.01675 1.68998 1.08571 1.67965 2 0 1.82293 0.790462 1 0 1 0 0.542857 0.839825 0 0 1.82293 0.790462 0.542857 0.839825 1 0 
ts 4 4.89898 3.8 5.87878 3.25714 5.03895 4.2 3.91918 4 4.89898 3.48654 4.21474 3.48654 4.21474 3.25714 5.03895 2.71429 4.19913 4 4.89898 3.25714 5.03895 3.48654 4.21474 4.2 3.91918 3.48654 4.21474 3.30993 3.26062 4.4 2.93939 4.2 3.91918 3.30993 3.26062 3.30993 3.26062 2.71429 4.19913 2.17143 3.3593 3.30993 3.26062 3.48654 4.21474 2.71429 4.19913 4.6 1.95959 4.4 2.93939 3.60009 2.14804 3.60009 2.14804 3.30993 3.26062 2.63645 2.38846 2.63645 2.38846 2.17143 3.3593 1.62857 2.51948 4.4 2.93939 3.30993 3.26062 3.60009 2.14804 3.30993 3.26062 2.17143 3.3593 2.63645 2.38846 4.8 0.979796 4.6 1.95959 3.78965 1.05306 3.78965 1.05306 3.60009 2.14804 2.84254 1.27568 2.84254 1.27568 2.63645 2.38846 2.01455 1.69854 2.01455 1.69854 1.62857 2.51948 1.08571 1.67965 4.6 1.95959 3.60009 2.14804 3.78965 1.05306 3.60009 2.14804 2.63645 2.38846 2.84254 1.27568 2.63645 2.38846 1.62857 2.51948 2.01455 1.69854 4 0 4.8 0.979796 3.78965 1.05306 4 0 5 0 4.8 0.979796 3 0 3.78965 1.05306 2.84254 1.27568 3 0 4 0 3.78965 1.05306 2 0 3 0 1.8199 0.794347 1.8199 0.794347 2.84254 1.27568 2.01455 1.69854 3 0 2.84254 1.27568 1.8199 0.794347 1.8199 0.794347 1.08571 1.67965 0.542857 0.839825 1.8199 0.794347 2.01455 1.69854 1.08571 1.67965 2 0 1.8199 0.794347 1 0 1 0 0.542857 0.839825 0 0 1.8199 0.794347 0.542857 0.839825 1 0 
ts 4 4.89898 3.8 5.87878 3.25714 5.03895 4.2 3.91918 4 4.89898 3.48726 4.2184 3.48726 4.2184 3.25714 5.03895 2.71429 4.19913 4 4.89898 3.25714 5.03895 3.48726 4.2184 4.2 3.91918 3.48726 4.2184 3.31083 3.26429 4.4 2.93939 4.2 3.91918 3.31083 3.26429 3.31083 3.26429 2.71429 4.19913 2.17143 3.3593 3.31083 3.26429 3.48726 4.2184 2.71429 4.19913 4.6 1.95959 4.4 2.93939 3.59826 2.14975 3.59826 2.14975 3.31083 3.26429 2.63631 2.39307 2.63631 2.39307 2.17143 3.3593 1.62857 2.51948 4.4 2.93939 3.31083 3.26429 3.59826 2.14975 3.31083 3.26429 2.17143 3.3593 2.63631 2.39307 4.8 0.979796 4.6 1.95959 3.78658 1.05357 3.78658 1.05357 3.59826 2.14975 2.83799 1.27899 2.83799 1.27899 2.63631 2.39307 2.01292 1.70407 2.01292 1.70407 1.62857 2.51948 1.08571 1.67965 4.6 1.95959 3.59826 2.14975 3.78658 1.05357 3.59826 2.14975 2.63631 2.39307 2.83799 1.27899 2.63631 2.39307 1.62857 2.51948 2.01292 1.70407 4 0 4.8 0.979796 3.78658 1.05357 4 0 5 0 4.8 0.979796 3 0 3.78658 1.05357 2.83799 1.27899 3 0 4 0 3.78658 1.05357 2 0 3 0 1.81837 0.796918 1.81837 0.796918 2.83799 1.27899 2.01292 1.70407 3 0 2.83799 1.27899 1.81837 0.796918 1.81837 0.796918 1.08571 1.67965 0.542857 0.839825 1.81837 0.796918 2.01292 1.70407 1.08571 1.67965 2 0 1.81837 0.796918 1 0 1 0 0.542857 0.839825 0 0 1.81837 0.796918 0.542857 0.839825 1 0 
ts 4 4.89898 3.8 5.87878 3.25714 5.03895 4.2 3.91918 4 4.89898 3.48769 4.22055 3.48769 4.22055 3.25714 5.03895 2.71429 4.19913 4 4.89898 3.25714 5.03895 3.48769 4.22055 4.2 3.91918 3.48769 4.22055 3.31126 3.26671 4.4 2.93939 4.2 3.91918 3.31126 3.26671 3.31126 3.26671 2.71429 4.19913 2.17143 3.3593 3.31126 3.26671 3.48769 4.22055 2.71429 4.19913 4.6 1.95959 4.4 2.93939 3.59697 2.15145 3.59697 2.15145 3.31126 3.26671 2.63591 2.39639 2.63591 2.39639 2.17143 3.3593 1.62857 2.51948 4.4 2.93939 3.31126 3.26671 3.59697 2.15145 3.31126 3.26671 2.17143 3.3593 2.63591 2.39639 4.8 0.979796 4.6 1.95959 3.78451 1.05438 3.78451 1.05438 3.59697 2.15145 2.83515 1.28175 2.83515 1.28175 2.63591 2.39639 2.01176 1.70776 2.01176 1.70776 1.62857 2.51948 1.08571 1.67965 4.6 1.95959 3.59697 2.15145 3.78451 1.05438 3.59697 2.15145 2.63591 2.39639 2.83515 1.28175 2.63591 2.39639 1.62857 2.51948 2.01176 1.70776 4 0 4.8 0.979796 3.78451 1.05438 4 0 5 0 4.8 0.979796 3 0 3.78451 1.05438 2.83515 1.28175 3 0 4 0 3.78451 1.05438 2 0 3 0 1.81758 0.79867 1.81758 0.79867 2.83515 1.28175 2.01176 1.70776 3 0 2.83515 1.28175 1.81758 0.79867 1.81758 0.79867 1.08571 1.67965 0.542857 0.839825 1.81758 0.79867 2.01176 1.70776 1.08571 1.67965 2 0 1.81758 0.79867 1 0 1 0 0.542857 0.839825 0 0 1.81758 0.79867 0.542857 0.839825 1 0 
ts 4 4.89898 3.8 5.87878 3.25714 5.03895 4.2 3.91918 4 4.89898 3.48794 4.22186 3.48794 4.22186 3.25714 5.03895 2.71429 4.19913 4 4.89898 3.25714 5.03895 3.48794 4.22186 4.2 3.91918 3.48794 4.22186 3.31145 3.26838 4.4 2.93939 4.2 3.91918 3.31145 3.26838 3.31145 3.26838 2.71429 4.19913 2.17143 3.3593 3.31145 3.26838 3.48794 4.22186 2.71429 4.19913 4.6 1.95959 4.4 2.93939 3.59606 2.15295 3.59606 2.15295 3.31145 3.26838 2.63546 2.3988 2.63546 2.3988 2.17143 3.3593 1.62857 2.51948 4.4 2.93939 3.31145 3.26838 3.59606 2.15295 3.31145 3.26838 2.17143 3.3593 2.63546 2.3988 4.8 0.979796 4.6 1.95959 3.78309 1.05521 3.78309 1.05521 3.59606 2.15295 2.83333 1.28395 2.83333 1.28395 2.63546 2.3988 2.01095 1.71027 2.01095 1.71027 1.62857 2.51948 1.08571 1.67965 4.6 1.95959 3.59606 2.15295 3.78309 1.05521 3.59606 2.15295 2.63546 2.3988 2.83333 1.28395 2.63546 2.3988 1.62857 2.51948 2.01095 1.71027 4 0 4.8 0.979796 3.78309 1.05521 4 0 5 0 4.8 0.979796 3 0 3.78309 1.05521 2.83333 1.28395 3 0 4 0 3.78309 1.05521 2 0 3 0 1.81718 0.79989 1.81718 0.79989 2.83333 1.28395 2.01095 1.71027 3 0 2.83333 1.28395 1.81718 0.79989 1.81718 0.79989 1.08571 1.67965 0.542857 0.839825 1.81718 0.79989 2.01095 1.71027 1.08571 1.67965 2 0 1.81718 0.79989 1 0 1 0 0.542857 0.839825 0 0 1.81718 0.79989 0.542857 0.839825 1 0 
ts 4 4.89898 3.8 5.87878 3.25714 5.03895 4.2 3.91918 4 4.89898 3.4881 4.22269 3.4881 4.22269 3.25714 5.03895 2.71429 4.19913 4 4.89898 3.25714 5.03895 3.4881 4.22269 4.2 3.91918 3.4881 4.22269 3.31152 3.26955 4.4 2.93939 4.2 3.91918 3.31152 3.26955 3.31152 3.26955 2.71429 4.19913 2.17143 3.3593 3.31152 3.26955 3.4881 4.22269 2.71429 4.19913 4.6 1.95959 4.4 2.93939 3.5954 2.15418 3.5954 2.15418 3.31152 3.26955 2.63506 2.40056 2.63506 2.40056 2.17143 3.3593 1.62857 2.51948 4.4 2.93939 3.31152 3.26955 3.5954 2.15418 3.31152 3.26955 2.17143 3.3593 2.63506 2.40056 4.8 0.979796 4.6 1.95959 3.78212 1.05594 3.78212 1.05594 3.5954 2.15418 2.83215 1.28564 2.83215 1.28564 2.63506 2.40056 2.01039 1.71201 2.01039 1.71201 1.62857 2.51948 1.08571 1.67965 4.6 1.95959 3.5954 2.15418 3.78212 1.05594 3.5954 2.15418 2.63506 2.40056 2.83215 1.28564 2.63506 2.40056 1.62857 2.51948 2.01039 1.71201 4 0 4.8 0.979796 3.78212 1.05594 4 0 5 0 4.8 0.979796 3 0 3.78212 1.05594 2.83215 1.28564 3 0 4 0 3.78212 1.05594 2 0 3 0 1.81697 0.800751 1.81697 0.800751 2.83215 1.28564 2.01039 1.71201 3 0 2.83215 1.28564 1.81697 0.800751 1.81697 0.800751 1.08571 1.67965 0.542857 0.839825 1.81697 0.800751 2.01039 1.71201 1.08571 1.67965 2 0 1.81697 0.800751 1 0 1 0 0.542857 0.839825 0 0 1.81697 0.800751 0.542857 0.839825 1 0 
ts 4 4.89898 3.8 5.87878 3.25714 5.03895 4.2 3.91918 4 4.89898 3.4882 4.22324 3.4882 4.22324 3.25714 5.03895 2.71429 4.19913 4 4.89898 3.25714 5.03895 3.4882 4.22324 4.2 3.91918 3.4882 4.22324 3.31154 3.27038 4.4 2.93939 4.2 3.91918 3.31154 3.27038 3.31154 3.27038 2.71429 4.19913 2.17143 3.3593 3.31154 3.27038 3.4882 4.22324 2.71429 4.19913 4.6 1.95959 4.4 2.93939 3.59494 2.15516 3.59494 2.15516 3.31154 3.27038 2.63473 2.40184 2.63473 2.40184 2.17143 3.3593 1.62857 2.51948 4.4 2.93939 3.31154 3.27038 3.59494 2.15516 3.31154 3.27038 2.17143 3.3593 2.63473 2.40184 4.8 0.979796 4.6 1.95959 3.78144 1.05654 3.78144 1.05654 3.59494 2.15516 2.83138 1.28693 2.83138 1.28693 2.63473 2.40184 2.01001 1.71324 2.01001 1.71324 1.62857 2.51948 1.08571 1.67965 4.6 1.95959 3.59494 2.15516 3.78144 1.05654 3.59494 2.15516 2.63473 2.40184 2.83138 1.28693 2.63473 2.40184 1.62857 2.51948 2.01001 1.71324 4 0 4.8 0.979796 3.78144 1.05654 4 0 5 0 4.8 0.979796 3 0 3.78144 1.05654 2.83138 1.28693 3 0 4 0 3.78144 1.05654 2 0 3 0 1.81687 0.801367 1.81687 0.801367 2.83138 1.28693 2.01001 1.71324 3 0 2.83138 1.28693 1.81687 0.801367 1.81687 0.801367 1.08571 1.67965 0.542857 0.839825 1.81687 0.801367 2.01001 1.71324 1.08571 1.67965 2 0 1.81687 0.801367 1 0 1 0 0.542857 0.839825 0 0 1.81687 0.801367 0.542857 0.839825 1 0 
