    vec4 pn_position[3];
    vec4 pn_normal[3];
    vec4 original_position[3];
    vec4 original_normal[3];
    vec4 adjacency_pn_normal_parameter[6];
    vec4 parameter_in_original2_texcoord2[3];
    ivec4 adjacency_triangle_index3_original_triangle_index1;
    vec2 bezier_uv[3];
    uint bezier_patch_id;
    float triangle_quality;
[-0.15141174 -0.01399821  0.4190861   1.        ]
[-0.15250233  0.          0.4190861   1.        ]
[-0.16847995  0.          0.43713087  1.        ]

[ 0.72325635  0.11434241  0.6810478   0.        ]
[ 0.73252988  0.          0.68073487  0.        ]
[ 0.78086883  0.          0.62469506  0.        ]

[-0.15141174 -0.01399821  0.4190861   1.        ]
[-0.15250233  0.          0.4190861   1.        ]
[-0.16847995  0.          0.43713087  1.        ]

[ 0.72325635  0.11434241  0.6810478   0.        ]
[ 0.73252988  0.          0.68073487  0.        ]
[ 0.78086883  0.          0.62469506  0.        ]

[ 0.  0.  1.  0.]
[ 1.  0.  0.  0.]
[ 0.  1.  0.  0.]
[ 1.  0.  0.  0.]
[ 0.  0.  1.  0.]
[ 0.  1.  0.  0.]

[ 1.  0.  0.  0.]
[ 0.  0.  0.  0.]
[ 0.  1.  0.  0.]

[  6.62954303e-42   8.33071937e-42              nan   4.48415509e-44]

[ 0.60000002  0.89999998  0.60000002  1.        ]
[  5.00000000e-01   1.00000000e+00   1.40129846e-45   6.04644299e-01]

[-0.30745912  0.32703263  0.25645012  1.        ]
[-0.30276981  0.32064292  0.26913273  1.        ]
[-0.25088245  0.35256141  0.26913273  1.        ]

[ 0.58891648 -0.80819392  0.          0.        ]
[ 0.35248655 -0.48373154 -0.80109739  0.        ]
[ 0.27299261 -0.53298557 -0.80087543  0.        ]

[-0.30745912  0.32703263  0.25645012  1.        ]
[-0.30276981  0.32064292  0.26913273  1.        ]
[-0.25088245  0.35256141  0.26913273  1.        ]

[ 0.58891648 -0.80819392  0.          0.        ]
[ 0.35248655 -0.48373154 -0.80109739  0.        ]
[ 0.27299261 -0.53298557 -0.80087543  0.        ]

[ 1.  0.  0.  0.]
[ 0.  0.  1.  0.]
[ 0.  1.  0.  0.]
[ 1.  0.  0.  0.]
[ 0.  0.  1.  0.]
[ 0.  1.  0.  0.]

[ 0.  0.  0.  0.]
[ 1.  0.  0.  0.]
[ 0.  1.  0.  0.]

[  9.94501520e-42   7.71975324e-42   8.03084150e-42   4.62428493e-44]

[ 1.          0.60000002  0.89999998  0.60000002]
[  8.99999976e-01   6.99999988e-01   4.20389539e-44   3.50866795e-01]
[ 0.13402052  0.38724774  0.25645012  1.        ]
[ 0.13215312  0.38348234  0.25645012  1.        ]
[ 0.18851392  0.34869441  0.25645012  1.        ]
[ 0.  0. -1.  0.]
[ 0.  0. -1.  0.]
[ 0.  0. -1.  0.]
[ 0.13402052  0.38724774  0.25645012  1.        ]
[ 0.13215312  0.38348234  0.25645012  1.        ]
[ 0.18851392  0.34869441  0.25645012  1.        ]
[-0.  0. -1.  0.]
[-0.  0. -1.  0.]
[-0.  0. -1.  0.]
[ 1.  0.  0.  0.]
[ 0.  0.  1.  0.]
[ 0.  1.  0.  0.]
[ 1.  0.  0.  0.]
[ 0.  0.  1.  0.]
[ 0.  1.  0.  0.]
[ 0.  0.  0.  0.]
[ 1.  0.  0.  0.]
[ 0.  1.  0.  0.]
[  5.98354444e-42   1.66754517e-42   2.42985154e-42   4.76441478e-44]
[ 1.          0.30000001  0.89999998  0.30000001]
[  8.99999976e-01   4.00000006e-01   4.90454463e-44   1.02911577e-01]
[-0.4041996   0.45885196 -0.3456015   1.        ]
[-0.41675371  0.47595826 -0.31746191  1.        ]
[-0.33973277  0.52333766 -0.31746191  1.        ]
[ 0.44776297 -0.61448324  0.64955264  0.        ]
[ 0.49260476 -0.6760214   0.54802883  0.        ]
[ 0.38141021 -0.74465799  0.54773229  0.        ]
[-0.4041996   0.45885196 -0.3456015   1.        ]
[-0.41675371  0.47595826 -0.31746191  1.        ]
[-0.33973277  0.52333766 -0.31746191  1.        ]
[ 0.44776297 -0.61448324  0.64955264  0.        ]
[ 0.49260476 -0.6760214   0.54802883  0.        ]
[ 0.38141021 -0.74465799  0.54773229  0.        ]
[ 1.  0.  0.  0.]
[ 0.  0.  1.  0.]
[ 0.  1.  0.  0.]
[ 1.  0.  0.  0.]
[ 0.  0.  1.  0.]
[ 0.  1.  0.  0.]
[ 0.  0.  0.  0.]
[ 1.  0.  0.  0.]
[ 0.  1.  0.  0.]
[  1.70678153e-42   5.51971465e-42   1.69276854e-42   4.90454463e-44]
[ 0.40000001  0.60000002  0.30000001  0.60000002]
[  3.00000012e-01   6.99999988e-01   2.52233724e-44   5.12949824e-01]
[-0.24953373  0.18207958  0.3030774   1.        ]
[-0.21976499  0.20753995  0.3030774   1.        ]
[-0.19181365  0.16945322  0.31016475  1.        ]
[ 0.10447446 -0.10447446 -0.98902488  0.        ]

beging begin draw
beging begin draw1
beging begin draw2
beging begin draw3
beging begin draw4
begin draw
pre compute
real deform
update uniform
renderer
deformation
aux draw
beging begin draw5
finish draw

beging begin draw
beging begin draw1
beging begin draw2
beging begin draw3
beging begin draw4
begin draw
pre compute
real deform
update uniform
renderer
deformation
aux draw
beging begin draw5
finish draw
