-0.992607 -1.0021 -0.657188
-0.992607 -1.0021 -0.438125
-0.992607 -1.0021 0
-0.992607 -1.0021 0.438125
-0.992607 -1.0021 0.657188
-0.992607 -0.741227 -0.657188
-0.992607 -0.741227 -0.438125
-0.992607 -0.741227 0
-0.992607 -0.741227 0.438125
-0.992607 -0.741227 0.657188
-0.992607 -0.219474 -0.657188
-0.992607 -0.219474 -0.438125
-0.992607 -0.219474 0
-0.992607 -0.219474 0.438125
-0.992607 -0.219474 0.657188
-0.992607 0.302279 -0.657188
-0.992607 0.302279 -0.438125
-1.56974 -0.0884885 0
-0.992607 0.302279 0.438125
-0.992607 0.302279 0.657188
-0.992607 0.563155 -0.657188
-0.992607 0.563155 -0.438125
-1.56974 0.172388 0
-0.992607 0.563155 0.438125
-0.992607 0.563155 0.657188
-0.661738 -1.0021 -0.657188
-0.661738 -1.0021 -0.438125
-0.661738 -1.0021 0
-0.661738 -1.0021 0.438125
-0.661738 -1.0021 0.657188
-0.661738 -0.741227 -0.657188
-0.661738 -0.741227 -0.438125
-0.661738 -0.741227 0
-0.661738 -0.741227 0.438125
-0.661738 -0.741227 0.657188
-0.661738 -0.219474 -0.657188
-0.661738 -0.219474 -0.438125
-0.661738 -0.219474 0
-0.661738 -0.219474 0.438125
-0.661738 -0.219474 0.657188
-0.661738 0.302279 -0.657188
-0.661738 0.302279 -0.438125
-1.0465 -0.0884885 0
-0.661738 0.302279 0.438125
-0.661738 0.302279 0.657188
-0.661738 0.563155 -0.657188
-0.661738 0.563155 -0.438125
-1.0465 0.172388 0
-0.661738 0.563155 0.438125
-0.661738 0.563155 0.657188
0 -1.0021 -0.657188
0 -1.0021 -0.438125
0 -1.0021 0
0 -1.0021 0.438125
0 -1.0021 0.657188
0 -0.741227 -0.657188
0 -0.741227 -0.438125
0 -0.741227 0
0 -0.741227 0.438125
0 -0.741227 0.657188
0 -0.219474 -0.657188
0 -0.219474 -0.438125
0 -0.219474 0
0 -0.219474 0.438125
0 -0.219474 0.657188
0 0.534841 -1.30772
0 0.534841 -0.871816
0 0.302279 0
0 0.534841 0.871816
0 0.534841 1.30772
0 0.795719 -1.30772
0 0.795719 -0.871816
0 0.563155 0
0 0.795719 0.871816
0 0.795719 1.30772
0.661738 -1.0021 -0.657188
0.661738 -1.0021 -0.438125
0.661738 -1.0021 0
0.661738 -1.0021 0.438125
0.661738 -1.0021 0.657188
0.661738 -0.741227 -0.657188
0.661738 -0.741227 -0.438125
0.661738 -0.741227 0
0.661738 -0.741227 0.438125
0.661738 -0.741227 0.657188
0.661738 -0.219474 -0.657188
0.661738 -0.219474 -0.438125
0.661738 -0.219474 0
0.661738 -0.219474 0.438125
0.661738 -0.219474 0.657188
0.661738 0.302279 -0.657188
0.661738 0.302279 -0.438125
1.0465 -0.0884885 0
0.661738 0.302279 0.438125
0.661738 0.302279 0.657188
0.661738 0.563155 -0.657188
0.661738 0.563155 -0.438125
1.0465 0.172388 0
0.661738 0.563155 0.438125
0.661738 0.563155 0.657188
0.992607 -1.0021 -0.657188
0.992607 -1.0021 -0.438125
0.992607 -1.0021 0
0.992607 -1.0021 0.438125
0.992607 -1.0021 0.657188
0.992607 -0.741227 -0.657188
0.992607 -0.741227 -0.438125
0.992607 -0.741227 0
0.992607 -0.741227 0.438125
0.992607 -0.741227 0.657188
0.992607 -0.219474 -0.657188
0.992607 -0.219474 -0.438125
0.992607 -0.219474 0
0.992607 -0.219474 0.438125
0.992607 -0.219474 0.657188
0.992607 0.302279 -0.657188
0.992607 0.302279 -0.438125
1.56974 -0.0884885 0
0.992607 0.302279 0.438125
0.992607 0.302279 0.657188
0.992607 0.563155 -0.657188
0.992607 0.563155 -0.438125
1.56974 0.172388 0
0.992607 0.563155 0.438125
0.992607 0.563155 0.657188
