-0.992607 -1.29844 -0.657188
-0.992607 -1.29844 -0.438125
-0.992607 -1.29844 0
-0.992607 -1.29844 0.438125
-0.992607 -1.29844 0.657188
-0.992607 -0.865628 -0.657188
-0.992607 -0.865628 -0.438125
-0.992607 -0.865628 0
-0.992607 -0.865628 0.438125
-0.992607 -0.865628 0.657188
-0.992607 0 -0.657188
-0.992607 0 -0.438125
-0.992607 0 0
-0.992607 0 0.438125
-0.992607 0 0.657188
-0.992607 0.865628 -0.657188
-0.992607 0.865628 -0.438125
-1.63767 1.52231 0
-0.992607 0.865628 0.438125
-0.992607 0.865628 0.657188
-0.992607 1.29844 -0.657188
-0.992607 1.29844 -0.438125
-1.63767 1.95513 0
-0.992607 1.29844 0.438125
-0.992607 1.29844 0.657188
-0.661738 -1.67569 -0.657188
-0.661738 -1.67569 -0.438125
-0.661738 -1.67569 0
-0.661738 -1.67569 0.438125
-0.661738 -1.67569 0.657188
-0.661738 -0.865628 -0.657188
-0.661738 -0.865628 -0.438125
-0.661738 -0.865628 0
-0.661738 -0.865628 0.438125
-0.661738 -0.865628 0.657188
-0.661738 0 -0.657188
-0.661738 0 -0.438125
-0.661738 0 0
-0.661738 0 0.438125
-0.661738 0 0.657188
-0.661738 0.865628 -0.657188
-0.661738 0.865628 -0.438125
-1.09178 1.52231 0
-0.661738 0.865628 0.438125
-0.661738 0.865628 0.657188
-0.661738 1.29844 -0.657188
-0.661738 1.29844 -0.438125
-1.09178 1.95513 0
-0.661738 1.29844 0.438125
-0.661738 1.29844 0.657188
0 -1.06165 -0.657188
0 -1.06165 -0.438125
0 -1.06165 0
0 -1.06165 0.438125
0 -1.06165 0.657188
0 -0.865628 -0.657188
0 -0.865628 -0.438125
0 -0.865628 0
0 -0.865628 0.438125
0 -0.865628 0.657188
0 0 -0.657188
0 0 -0.438125
0 0 0
0 0 0.438125
0 0 0.657188
0 0.189815 -1.29866
0 0.189815 -0.865776
0 0.865628 0
0 0.189815 0.865776
0 0.189815 1.29866
0 0.622629 -1.29866
0 0.622629 -0.865776
0 1.29844 0
0 0.622629 0.865776
0 0.622629 1.29866
0.661738 -1.67569 -0.657188
0.661738 -1.67569 -0.438125
0.661738 -1.67569 0
0.661738 -1.67569 0.438125
0.661738 -1.67569 0.657188
0.661738 -0.865628 -0.657188
0.661738 -0.865628 -0.438125
0.661738 -0.865628 0
0.661738 -0.865628 0.438125
0.661738 -0.865628 0.657188
0.661738 0 -0.657188
0.661738 0 -0.438125
0.661738 0 0
0.661738 0 0.438125
0.661738 0 0.657188
0.661738 0.865628 -0.657188
0.661738 0.865628 -0.438125
1.09178 1.52231 0
0.661738 0.865628 0.438125
0.661738 0.865628 0.657188
0.661738 1.29844 -0.657188
0.661738 1.29844 -0.438125
1.09178 1.95513 0
0.661738 1.29844 0.438125
0.661738 1.29844 0.657188
0.992607 -1.29844 -0.657188
0.992607 -1.29844 -0.438125
0.992607 -1.29844 0
0.992607 -1.29844 0.438125
0.992607 -1.29844 0.657188
0.992607 -0.865628 -0.657188
0.992607 -0.865628 -0.438125
0.992607 -0.865628 0
0.992607 -0.865628 0.438125
0.992607 -0.865628 0.657188
0.992607 0 -0.657188
0.992607 0 -0.438125
0.992607 0 0
0.992607 0 0.438125
0.992607 0 0.657188
0.992607 0.865628 -0.657188
0.992607 0.865628 -0.438125
1.63767 1.52231 0
0.992607 0.865628 0.438125
0.992607 0.865628 0.657188
0.992607 1.29844 -0.657188
0.992607 1.29844 -0.438125
1.63767 1.95513 0
0.992607 1.29844 0.438125
0.992607 1.29844 0.657188
