-0.995651 -1 -0.618373
-0.995651 -1 -0.412249
-0.995651 -1 0
-0.995651 -1 0.412249
-0.995651 -1 0.618373
-0.995651 -0.833333 -0.618373
-0.995651 -0.833333 -0.412249
-0.995651 -0.833333 0
-0.995651 -0.833333 0.412249
-0.995651 -0.833333 0.618373
-0.995651 -0.5 -0.618373
-0.995651 -0.5 -0.412249
-0.995651 -0.5 0
-0.995651 -0.5 0.412249
-0.995651 -0.5 0.618373
-0.995651 -0.166667 -0.618373
-0.995651 -0.166667 -0.412249
-0.995651 -0.166667 0
-0.995651 -0.166667 0.412249
-0.995651 -0.166667 0.618373
-0.995651 0.166667 -0.618373
-0.995651 0.166667 -0.412249
-0.995651 0.166667 0
-0.995651 0.166667 0.412249
-0.995651 0.166667 0.618373
-0.995651 0.5 -0.618373
-0.995651 0.5 -0.412249
-0.995651 0.5 0
-0.995651 0.5 0.412249
-0.995651 0.5 0.618373
-0.995651 0.833333 -0.618373
-0.995651 0.833333 -0.412249
-0.995651 0.833333 0
-0.995651 0.833333 0.412249
-0.995651 0.833333 0.618373
-0.995651 1 -0.618373
-0.995651 1 -0.412249
-0.995651 1 0
-0.995651 1 0.412249
-0.995651 1 0.618373
-0.663768 -1 -0.618373
-0.663768 -1 -0.412249
-0.663768 -1 0
-0.663768 -1 0.412249
-0.663768 -1 0.618373
-0.663768 -0.833333 -0.618373
-0.663768 -0.833333 -0.412249
-0.663768 -0.833333 0
-0.663768 -0.833333 0.412249
-0.663768 -0.833333 0.618373
-0.663768 -0.5 -0.618373
-0.663768 -0.5 -0.412249
-0.663768 -0.5 0
-0.663768 -0.5 0.412249
-0.663768 -0.5 0.618373
-0.663768 -0.166667 -0.618373
-0.663768 -0.166667 -0.412249
-0.663768 -0.166667 0
-0.663768 -0.166667 0.412249
-0.663768 -0.166667 0.618373
-0.663768 0.166667 -0.618373
-0.663768 0.166667 -0.412249
-0.663768 0.166667 0
-0.663768 0.166667 0.412249
-0.663768 0.166667 0.618373
-0.663768 0.5 -0.618373
-0.663768 0.5 -0.412249
-0.663768 0.5 0
-0.663768 0.5 0.412249
-0.663768 0.5 0.618373
-0.663768 0.833333 -0.618373
-0.663768 0.833333 -0.412249
-0.663768 0.833333 0
-0.663768 0.833333 0.412249
-0.663768 0.833333 0.618373
-0.663768 1 -0.618373
-0.663768 1 -0.412249
-0.663768 1 0
-0.663768 1 0.412249
-0.663768 1 0.618373
-1.11022e-16 -1 -0.618373
-1.11022e-16 -1 -0.412249
-1.11022e-16 -1 0
-1.11022e-16 -1 0.412249
-1.11022e-16 -1 0.618373
-1.11022e-16 -0.833333 -0.618373
-1.11022e-16 -0.833333 -0.412249
-1.11022e-16 -0.833333 0
-1.11022e-16 -0.833333 0.412249
-1.11022e-16 -0.833333 0.618373
-1.11022e-16 -0.5 -0.618373
-1.11022e-16 -0.5 -0.412249
-1.11022e-16 -0.5 0
-1.11022e-16 -0.5 0.412249
-1.11022e-16 -0.5 0.618373
-1.11022e-16 -0.166667 -0.618373
-1.11022e-16 -0.166667 -0.412249
-1.11022e-16 -0.166667 0
-1.11022e-16 -0.166667 0.412249
-1.11022e-16 -0.166667 0.618373
-1.11022e-16 0.166667 -0.618373
-1.11022e-16 0.166667 -0.412249
-1.11022e-16 0.166667 0
-1.11022e-16 0.166667 0.412249
-1.11022e-16 0.166667 0.618373
-1.11022e-16 0.5 -0.618373
-1.11022e-16 0.5 -0.412249
-1.11022e-16 0.5 0
-1.11022e-16 0.5 0.412249
-1.11022e-16 0.5 0.618373
-1.11022e-16 0.833333 -0.618373
-1.11022e-16 0.833333 -0.412249
-1.11022e-16 0.833333 0
-1.11022e-16 0.833333 0.412249
-1.11022e-16 0.833333 0.618373
-1.11022e-16 1 -0.618373
-1.11022e-16 1 -0.412249
-1.11022e-16 1 0
-1.11022e-16 1 0.412249
-1.11022e-16 1 0.618373
0.663768 -1 -0.618373
0.663768 -1 -0.412249
0.663768 -1 0
0.663768 -1 0.412249
0.663768 -1 0.618373
0.663768 -0.833333 -0.618373
0.663768 -0.833333 -0.412249
0.663768 -0.833333 0
0.663768 -0.833333 0.412249
0.663768 -0.833333 0.618373
0.663768 -0.5 -0.618373
0.663768 -0.5 -0.412249
0.663768 -0.5 0
0.663768 -0.5 0.412249
0.663768 -0.5 0.618373
0.663768 -0.166667 -0.618373
0.663768 -0.166667 -0.412249
0.663768 -0.166667 0
0.663768 -0.166667 0.412249
0.663768 -0.166667 0.618373
0.663768 0.166667 -0.618373
0.663768 0.166667 -0.412249
0.663768 0.166667 0
0.663768 0.166667 0.412249
0.663768 0.166667 0.618373
0.663768 0.5 -0.618373
0.663768 0.5 -0.412249
0.663768 0.5 0
0.663768 0.5 0.412249
0.663768 0.5 0.618373
0.663768 0.833333 -0.618373
0.663768 0.833333 -0.412249
0.663768 0.833333 0
0.663768 0.833333 0.412249
0.663768 0.833333 0.618373
0.663768 1 -0.618373
0.663768 1 -0.412249
0.663768 1 0
0.663768 1 0.412249
0.663768 1 0.618373
0.995651 -1 -0.618373
0.995651 -1 -0.412249
0.995651 -1 0
0.995651 -1 0.412249
0.995651 -1 0.618373
0.995651 -0.833333 -0.618373
0.995651 -0.833333 -0.412249
0.995651 -0.833333 0
0.995651 -0.833333 0.412249
0.995651 -0.833333 0.618373
0.995651 -0.5 -0.618373
0.995651 -0.5 -0.412249
0.995651 -0.5 0
0.995651 -0.5 0.412249
0.995651 -0.5 0.618373
0.995651 -0.166667 -0.618373
0.995651 -0.166667 -0.412249
0.995651 -0.166667 0
0.995651 -0.166667 0.412249
0.995651 -0.166667 0.618373
0.995651 0.166667 -0.618373
0.995651 0.166667 -0.412249
0.995651 0.166667 0
0.995651 0.166667 0.412249
0.995651 0.166667 0.618373
0.995651 0.5 -0.618373
0.995651 0.5 -0.412249
0.995651 0.5 0
0.995651 0.5 0.412249
0.995651 0.5 0.618373
0.995651 0.833333 -0.618373
0.995651 0.833333 -0.412249
0.995651 0.833333 0
0.995651 0.833333 0.412249
0.995651 0.833333 0.618373
0.995651 1 -0.618373
0.995651 1 -0.412249
0.995651 1 0
0.995651 1 0.412249
0.995651 1 0.618373
